-33.656567	-41.597653	97.047412
-38.538065	-24.583935	20.471620
-10.162151	-16.357107	58.282299
-6.396541	-30.305160	27.440129
1.114302	-7.575227	9.503411
36.819569	8.365671	80.264696
17.111609	-36.936855	54.759083
28.599854	-28.943433	84.775508
40.162783	11.801652	89.832319
49.148804	31.589967	2.200546
-46.138506	-2.804249	1.495803
-30.930767	15.417123	99.974233
-31.199147	-38.134366	30.144304
28.783125	-39.611024	91.900809
-30.796047	-20.213990	26.324177
21.178623	-38.520807	73.414020
-36.622281	-2.476980	35.066325
-44.673545	-36.611219	64.481378
26.996816	-42.826803	76.580728
-14.965932	16.969655	3.441594
-14.489213	40.337936	78.496587
-28.988521	-3.829608	94.672972
-5.337910	19.272486	7.767891
36.036034	23.491306	41.011977
17.368724	-27.045821	53.569514
6.473001	-10.813206	61.457292
-6.756751	32.684476	75.182800
45.148449	-13.886091	38.067086
-48.746227	28.714994	59.673140
31.365942	1.240035	69.054904
15.888567	-19.965647	52.126907
45.273898	-35.168568	66.011931
-2.209454	-4.537250	70.204601
-46.077715	6.286120	63.831440
5.533116	30.295939	24.473140
-26.573350	36.413026	88.448431
-22.576537	17.936053	40.911209
3.710961	-25.880019	6.681313
28.209502	-42.555638	66.488594
4.775739	-11.979232	93.645346
-22.886799	-20.945708	61.622445
34.190731	-35.351592	92.132946
-26.847042	-14.679334	16.530858
42.767552	-3.264621	4.347768
18.939624	44.427740	61.535688
39.508421	47.292489	64.776918
42.570049	-43.852164	95.773285
5.328522	47.318902	39.508166
35.969679	-5.235578	93.595064
34.206646	17.972286	94.435543
-49.912422	8.725719	67.953939
9.322575	30.028885	58.715125
33.138920	-16.691939	96.199391
26.656338	14.071899	86.616873
15.702674	-31.525987	18.745037
49.287771	21.030368	0.582075
22.499685	-43.371682	57.150124
5.974277	43.027784	85.235012
-25.572566	-43.537368	26.641092
-44.595602	-21.867051	11.188426
13.327761	-26.720333	1.108640
-10.746158	-45.537516	22.709053
-45.440486	40.039449	98.018503
30.906979	38.154597	90.846609
25.773701	38.852861	87.690007
35.949277	13.264815	21.275067
48.647942	43.348519	78.940931
-19.985311	31.570516	39.107493
46.917777	-37.644047	79.489573
-22.119951	17.708560	65.151113
23.309235	-6.071169	27.810054
-16.000045	11.516319	28.877960
10.765952	-23.326104	7.490012
-7.455546	-49.993448	79.984336
-30.551363	11.179533	56.892923
25.642123	1.267987	74.871616
12.731598	-11.839697	9.567759
37.836850	37.046619	1.641325
-47.021293	-35.847355	62.272276
24.098881	-37.573746	65.976352
26.718631	34.224180	56.820075
-42.198490	-41.669925	18.684459
-6.062850	-46.931315	4.904867
4.386375	1.504962	44.874854
30.727681	46.904590	10.387309
7.217903	28.910521	1.143484
-49.830642	16.660467	24.999324
12.342705	28.435122	81.049209
-23.159471	-14.780912	68.285026
-8.013009	31.232629	70.627140
14.547841	22.544013	42.044480
41.098058	-28.730775	6.638310
44.383649	-36.981986	22.752702
40.871931	9.554810	67.508976
30.436631	21.705800	82.595184
48.366618	-24.113383	89.434651
-26.792437	-31.354684	65.038001
-37.409504	-7.957560	38.877850
40.731155	31.984326	77.958116
13.773363	-14.193341	31.569530
7.591265	11.407935	42.336726
-21.362587	20.145217	7.591571
-36.309169	-41.656772	15.468522
-3.385858	-0.785298	60.630124
-27.920204	-31.814157	56.845057
7.648079	-25.062570	69.644769
-35.816942	4.830221	83.136555
6.089855	-34.747462	93.480297
21.556001	-12.386930	33.763167
-26.548505	19.334573	26.279652
-17.866610	-42.721396	41.753705
42.462456	-38.750636	41.229988
26.770472	-21.933755	42.279227
-0.608949	15.278601	56.478696
-46.224653	-17.979253	19.388796
-19.148685	24.774023	49.568970
31.216086	-13.456708	34.933333
30.591222	-12.922122	4.244993
-25.324642	-31.699971	66.111333
0.400848	7.480508	60.821187
48.776559	33.252206	66.169498
-21.279725	35.952775	61.127387
18.311235	-46.783109	70.967164
-34.676460	-1.760334	86.137570
4.849973	17.651578	13.534946
-12.715700	-49.246788	7.569873
45.727325	29.119584	90.848510
20.057647	3.366460	2.071188
38.137953	-22.477433	21.556170
-9.572113	35.097821	40.522878
4.138386	-22.136339	74.154259
0.108770	-47.480183	49.290459
29.626705	-17.672615	24.585900
16.772514	-32.208086	64.037994
24.682088	26.755825	18.483894
1.935780	-13.091086	69.262610
-48.019643	-49.940701	31.261856
42.862052	26.987191	41.428363
-17.703401	46.903579	4.292659
-9.472068	18.232074	54.141541
-19.071515	34.536654	17.695046
21.183579	11.623764	42.382898
38.833538	30.951276	82.577664
11.581453	26.053489	55.123168
16.264808	-45.002193	43.368602
-32.393600	-30.836407	94.489343
-47.123047	23.308813	69.231960
36.722074	-49.523319	1.443585
-29.384397	46.562665	58.557431
-34.271309	-21.460441	55.200423
46.877696	-38.502769	50.374428
-28.383574	6.541172	37.920217
28.864110	-20.921143	20.041040
36.614690	49.812990	80.533183
21.212092	-38.992102	23.334642
42.454267	-1.506025	36.119378
-44.798827	42.005134	72.783765
49.836620	-33.828969	81.944866
-41.115639	40.418374	51.023572
40.179303	-14.929113	69.047783
-26.133652	-33.869939	67.530449
11.409016	-14.965087	52.741423
-20.373968	37.591467	17.953838
38.979271	39.942008	88.090385
29.224723	-22.829609	55.496448
0.087449	-39.043709	26.534374
-38.814681	20.102036	78.282459
8.836440	-40.317047	45.438307
-26.870506	32.493255	13.883287
23.990364	-49.698093	34.083896
26.194740	-24.674070	53.321612
-26.681180	6.941893	99.195530
-40.596161	-7.262871	93.270880
14.374426	45.053055	99.009722
-28.840975	17.178274	64.970449
-1.928453	38.512795	36.138799
0.663656	10.717542	53.868595
5.688422	37.952535	25.655727
-40.666682	2.463679	96.596751
-19.780458	28.871511	21.136610
6.315520	-7.210330	90.375838
-41.995481	-20.050719	11.128402
-23.837630	41.434425	12.001025
-24.766880	-48.308640	12.027716
8.060153	48.662739	52.106277
-47.273666	45.425782	66.246305
-20.977541	47.648443	63.242417
-9.234923	-2.757301	17.107767
25.958183	-45.206167	58.075787
29.051324	-5.539843	83.640670
17.778249	-3.821228	82.020514
-37.014113	-5.075244	66.133557
20.155407	37.162253	95.027808
9.879295	-2.591339	59.633766
-37.337282	-7.421914	0.717227
-12.859617	45.755705	56.096842
-32.657110	-36.990424	82.115985
-26.773977	-34.895281	42.156853
13.487590	-45.296330	37.210150
11.938334	1.895078	90.877245
-39.175420	-31.393829	11.223750
39.452209	6.640363	16.805239
32.908375	8.571831	13.966826
-21.580148	-42.564480	81.640233
-2.479522	-47.214359	89.674628
43.710331	48.730548	98.740227
26.324565	-5.920801	49.948360
-43.010388	-49.142527	3.249661
-44.384631	29.308584	57.963915
1.624508	48.822881	30.567759
-19.339144	-11.075546	50.438077
39.818799	27.011709	60.987442
-18.802776	42.443096	31.644283
5.551995	-31.690942	67.594729
8.515325	-27.745654	97.835157
3.769444	-6.654689	3.813270
-38.529686	-34.028984	21.802451
-0.161860	-23.040953	97.236990
-43.995033	-39.150637	95.159041
40.018446	-39.201702	73.299407
11.757423	49.389400	17.296768
-48.342033	-46.087096	8.374401
-39.807361	13.868871	49.144341
36.743358	19.506797	52.433764
-13.132586	49.186377	95.754931
11.292546	44.133776	34.701430
-13.336344	-47.567847	24.682885
31.284977	-9.082064	99.255687
-16.581547	-7.721459	30.892873
-42.736448	26.178835	25.992999
13.421191	46.134914	40.204444
-2.423103	17.318002	17.474979
0.466300	45.427492	71.948295
3.968441	-24.430008	34.268899
33.227430	48.703149	69.671277
-47.640054	-46.069777	3.063888
-22.021198	-46.884397	45.253469
-24.270738	-37.249691	36.045305
4.089088	39.196070	89.175072
19.110308	-25.326849	67.853863
42.412763	-7.268628	21.839812
9.651839	-23.778656	93.815014
43.393330	27.449360	86.987672
10.099258	-36.328678	92.538217
-19.148774	23.040629	47.235890
-8.762548	34.082235	52.408088
-10.434249	-9.110743	70.018867
-4.729561	-0.920474	3.920246
23.380559	-2.129916	81.728124
-19.330096	35.091253	76.752911
9.589752	29.900148	35.732008
-10.506481	23.159955	97.163609
-39.013596	1.593500	43.522904
-28.155659	-25.806577	77.732490
-40.135031	11.958946	66.337640
45.259348	-3.607869	11.248435
-46.180482	-3.820638	71.562338
-37.171605	44.076197	84.462266
-13.024658	-18.835722	36.747230
-8.077692	-5.669079	20.821060
37.311216	37.952286	42.014272
4.100461	29.935342	87.554118
47.456481	-15.324481	35.561716
-18.062808	2.939940	97.059649
-22.054016	-2.343127	9.734681
-15.931016	35.616709	53.022685
-20.823598	30.671707	85.565470
7.057140	40.350771	29.488629
19.567809	15.150315	68.612237
46.435244	-8.753175	44.560237
39.063532	-24.622660	58.629871
-28.660865	28.560145	19.383444
24.693405	-38.926557	16.731861
46.554303	10.748427	0.174539
-9.382565	45.861115	2.444966
-27.492612	38.581671	61.401937
-33.794861	-3.799139	22.798715
-14.734929	-30.703359	91.581500
27.229330	2.585201	6.424304
15.136258	-3.810126	82.521421
-43.177188	37.414251	3.693795
-47.199218	36.649735	43.786469
6.457288	8.827571	66.778338
10.285727	14.770411	29.008023
12.111180	-1.696730	94.660923
-39.042836	1.260647	52.406271
41.827055	12.619284	78.430165
3.227445	27.900512	79.763440
-20.530286	48.756763	70.255137
-32.593188	36.180494	59.965554
-28.527941	-5.907347	56.095981
39.199468	-35.469528	23.826961
-49.756358	1.946940	96.234570
14.486314	26.328737	60.949606
-22.805520	-5.338157	98.016875
-38.478206	-10.966336	8.313392
33.305947	46.109931	1.590071
22.117089	-18.101294	77.666000
-44.744339	-37.081727	28.095104
-17.323604	-8.386977	21.304185
30.578478	25.434716	65.728249
15.851608	-13.295679	5.191435
-14.887816	-6.730798	28.577013
41.457718	42.837960	76.392648
33.415107	23.310562	59.751651
28.206636	-36.564884	48.246027
39.506682	24.214968	92.923977
-23.148260	31.292952	21.988651
-30.436598	17.680931	23.817208
-18.066533	14.220881	9.847187
20.184830	46.129094	62.336063
-26.442201	-5.585495	78.444751
45.742515	24.895220	59.699534
-0.608418	-19.310557	61.170096
33.030126	46.288238	16.844736
-10.551690	27.746227	29.890703
-31.056872	-46.634628	5.892750
-0.296318	-29.157829	82.292224
37.869684	-0.935379	35.161462
-22.537429	49.799687	69.154457
6.111915	20.234050	91.284082
38.828888	-2.009169	30.941242
43.755609	6.700099	25.917704
30.295136	3.421258	25.319876
3.494179	36.445982	4.797520
2.432306	-16.322857	91.551773
13.114841	-33.838053	87.164716
17.671837	37.615177	71.054204
-31.592540	40.553719	55.882040
0.830743	37.584861	16.235073
-11.399599	-18.477967	28.876799
-33.661758	-44.931431	61.920932
-20.494855	18.644441	59.665222
21.584100	25.679804	88.499074
-25.791910	19.164526	20.014516
-33.323132	-4.632734	90.844910
-24.430961	0.143747	94.035606
-8.057776	31.745520	46.964211
-46.849149	46.926467	5.526892
-4.465535	46.911100	62.532965
37.658598	49.002839	7.466280
-38.955672	-13.089391	21.278032
-9.002335	-10.028826	78.848968
0.974742	-14.384163	47.946592
-4.594295	22.249763	53.804638
-18.284321	-30.715826	57.998593
46.075383	36.442683	17.394818
18.999312	-34.364543	46.534943
-5.765003	-13.256233	66.325976
-31.097460	23.826089	32.053271
-7.354690	-43.145363	78.196535
-38.565993	-26.597817	97.966655
-12.966811	45.739660	25.500638
-27.979529	-24.348384	61.820582
16.369098	23.824251	31.178821
39.896375	7.669059	36.848021
2.339066	44.760175	3.966335
-36.914952	11.522348	14.127851
13.593112	22.242539	80.989212
-0.338992	-46.343841	49.883150
20.024526	-42.906772	62.349009
-4.932934	-34.750775	67.129663
-43.410943	14.505536	37.793951
32.825902	-24.251978	28.184668
-28.754500	-1.889128	56.631777
46.443096	-41.349347	67.504558
-1.287056	-42.041040	67.460882
24.851431	-4.390289	88.068191
-3.678508	31.639286	89.779522
3.009352	-12.435306	57.816133
31.630164	-46.606458	33.514622
17.380144	15.873234	23.120298
2.467648	11.198602	13.518216
-12.820642	15.707963	95.093212
-3.118931	-40.408062	57.906081
17.756215	23.713835	49.676884
25.495067	-37.062741	69.518421
35.026491	31.162138	51.663952
-2.691783	27.900738	60.232489
-24.643288	-44.517650	9.878738
33.688548	-33.605010	44.179924
36.500462	22.987959	88.976544
25.021395	10.597821	39.134926
-35.852020	-6.511283	21.031009
25.409110	22.838454	5.846976
-29.194749	-23.202341	21.846205
6.361220	-42.889872	48.359937
32.537685	35.756037	96.438175
-20.824092	0.754510	7.914939
-35.205574	30.601576	56.769124
1.496569	46.870551	59.689002
23.647237	48.364888	29.778762
-10.978587	-21.614573	18.961273
-22.462449	28.843926	18.840884
-40.160171	29.315502	20.608211
-2.661085	-38.715040	72.489918
44.067808	21.598019	1.182907
-36.802294	-8.524624	20.004884
41.344367	-14.765296	14.475933
-42.490754	-27.799484	32.468766
-0.852082	33.503209	6.993048
17.250585	-7.793961	21.011858
12.099923	45.230089	26.498147
-37.038118	25.564060	5.569430
18.627686	40.672719	53.034526
2.031266	-10.798278	72.733481
-31.136148	17.420995	61.392796
9.315907	-10.524153	13.460366
5.690435	33.481628	34.454993
-48.866833	26.126619	58.205999
7.709793	-19.736355	68.041824
15.787158	-6.696301	5.384290
45.374907	49.710171	30.763384
-48.824034	-19.799771	69.844156
35.795848	4.369572	10.995872
-32.508289	39.535875	71.209494
34.532663	-41.223233	57.020720
31.642593	22.795360	38.921050
-24.228995	6.353897	68.474766
47.209800	2.319148	45.699685
-37.549643	-2.993405	66.389855
-5.044949	-45.266575	91.301422
-30.636216	-13.251232	98.823776
29.594715	-36.178124	81.328285
-31.198656	-33.688132	30.418225
-25.620964	-28.603715	89.361964
0.709654	-43.446221	67.475225
13.829680	13.799721	59.018987
10.356350	-45.888430	59.083952
0.367025	3.009750	27.965993
38.575474	-41.243188	6.359631
30.162644	-17.025341	15.679886
-15.782233	-0.488291	54.473623
-17.654820	34.312896	36.260455
-12.826979	19.574862	44.757172
-14.280250	-27.835310	91.155061
-25.120096	16.489369	71.230520
-28.026301	-1.161650	62.335934
-2.400620	-3.596793	74.769637
38.935279	8.506288	99.301331
6.770984	13.756349	58.094886
24.376639	39.677956	77.143292
-3.486860	-24.183866	24.288311
11.840025	-5.903065	78.225240
-41.597914	-9.895729	72.976716
-0.414101	36.868642	58.164076
12.878843	-15.923359	24.735745
-22.370066	-1.572114	54.567149
48.782948	30.659071	17.584697
21.881425	33.384805	48.482397
-16.143394	-2.543532	37.316686
-28.222076	-32.772305	95.828993
-11.052606	38.725259	34.884667
-39.075973	-22.756986	75.722950
-34.104774	-42.826864	14.276400
43.664174	-12.464491	83.612533
-41.584580	-25.594130	63.604932
7.161463	-31.744825	11.427465
38.674949	-32.922149	51.507269
15.906201	11.003316	93.181662
18.793149	41.403189	30.823904
-25.137075	23.045534	97.204611
46.019342	-17.574727	39.300831
35.071628	38.416094	10.874533
-47.360692	44.614739	19.821957
23.176639	39.546146	77.227324
-14.259801	-10.026805	52.840364
-7.682666	10.961705	92.110829
-34.323773	43.352414	99.079980
1.068547	35.148791	88.544557
-28.885938	-14.624733	77.984127
-8.508440	-39.072314	90.503475
-48.567651	-34.365827	67.228699
-43.502775	-26.431354	42.940178
15.420001	-36.295276	96.465460
-0.597019	-32.614727	89.111591
-16.237459	-40.320734	49.022401
-41.325558	-46.820137	47.365473
-48.935782	29.491047	63.840631
18.441121	-1.790958	9.089248
18.124324	-22.636831	45.200020
-15.088633	27.975675	11.332076
42.607556	-4.509056	80.221317
-30.396062	46.219742	92.153367
21.277098	22.176921	83.012966
-11.262738	-31.727076	82.998228
-12.780003	-32.845364	82.634915
-10.839739	19.919293	77.954895
18.764601	-5.733426	54.839001
37.834893	-21.789560	93.225154
47.494599	-46.918297	62.093941
27.731921	-49.059145	88.087350
-48.555235	36.805506	62.203195
29.654794	17.094365	69.577160
34.141894	-29.706144	35.802986
29.107238	30.086253	17.190884
-4.825201	-10.790643	73.927521
-19.072791	-28.410551	11.003064
9.889390	11.129788	25.807802
-42.166344	-37.231213	46.983374
34.989649	41.291678	9.440892
-32.305134	-41.665286	85.423105
-7.573613	-20.242247	18.349580
-14.291968	38.538893	99.725301
40.135837	-10.032652	82.911393
-12.136214	23.275324	50.176373
-26.572849	-29.728524	46.378370
-12.288189	-36.443907	68.169018
23.697766	-47.634576	49.609188
-37.195344	-16.720192	16.501165
44.028154	18.737795	91.258984
-22.451903	-23.753415	37.284634
30.013966	3.390626	23.949902
-6.386196	27.348698	4.762571
-36.701955	-14.194616	54.682767
20.296155	45.176926	56.223399
-27.720124	-22.523330	76.255424
20.046288	25.027621	5.656833
3.337501	1.700371	37.363341
-24.402717	19.504004	49.469555
25.644616	39.121168	17.603277
38.775177	-26.064874	72.653310
33.194254	-26.858356	95.228295
30.324600	45.840238	96.084861
27.532123	-44.305195	54.590424
-30.234470	25.612187	72.188174
4.225064	33.173322	17.517086
-32.530168	12.747711	63.026219
-13.183853	31.665321	11.458594
-34.012036	-34.898901	72.404507
-15.916564	28.637939	0.055376
-7.054551	-3.010914	3.453483
30.537246	-17.472727	53.521815
46.428351	39.634348	83.906023
13.873728	48.421174	19.683383
-13.129204	46.325357	75.756061
-9.186713	-24.094692	58.536196
-18.582160	-3.186365	64.761681
11.250573	28.312979	47.359296
36.513284	44.900129	65.275792
4.884973	-48.631819	38.134092
-40.193015	-2.417889	23.526944
-42.208096	-18.405535	4.959562
-41.769100	-47.699457	16.056713
11.200110	-16.556354	87.240164
3.568412	33.355683	69.763135
17.532201	16.870730	14.138460
18.816207	-24.634556	53.048661
41.039226	46.250701	17.231985
-29.353073	40.418640	21.865328
-42.735607	18.321145	25.319277
-49.538977	34.284450	6.586794
0.775938	-13.847631	97.111948
22.319625	22.462314	9.056882
41.279464	3.973566	7.851767
18.329060	27.052120	61.962435
-29.114878	7.264634	38.760790
-47.422019	45.219770	85.821415
24.833201	44.255814	45.966122
-23.064069	47.051850	61.826293
29.318773	11.930472	58.567981
-45.521305	-38.785718	93.956537
-10.501338	-7.068839	11.974713
9.505916	43.037605	38.005432
8.972294	-2.494800	37.314446
29.258680	8.222887	85.360789
1.913450	19.669723	69.735175
28.010985	20.716845	80.138260
-28.232630	1.284425	51.219233
-20.490575	38.925257	28.425981
-33.485451	8.715894	50.827085
-39.221512	37.175237	91.736467
35.327540	28.751708	45.903333
9.014650	41.355271	24.761426
-12.677801	-47.597365	97.359639
17.824699	39.660633	31.081778
13.420880	-2.323439	83.910184
14.676119	-10.916841	78.002560
47.166681	23.087142	85.707094
41.451430	-1.166647	1.692542
8.988319	40.200078	42.752025
6.143651	22.821724	87.278081
18.027575	41.252426	99.446607
41.713384	0.568615	13.389711
-4.040186	-22.743395	33.302098
-38.829218	26.041197	15.611879
-33.391006	49.732021	31.337947
-14.669151	-27.741284	31.665715
6.577710	-48.831087	30.185550
-44.886577	-21.270620	82.675738
-45.766723	1.715079	8.775307
-39.375285	29.594238	32.226339
-45.200915	-28.135247	17.660363
-16.048737	-25.463124	74.221123
-15.762069	12.764031	98.714176
32.214532	6.309189	42.396444
-30.481137	12.044206	63.995695
-34.053574	-7.964566	28.347144
42.327592	-44.039172	54.176949
-19.021184	19.144692	28.276831
-28.521901	39.406258	17.243786
14.374585	-34.965775	89.799678
41.557809	5.016661	38.129145
-20.584951	-13.739332	15.549709
27.489094	-15.841365	51.322687
6.762643	-2.272535	58.531583
-37.577075	-16.490344	61.962393
-49.080020	-16.185344	33.679985
28.422049	-22.969303	60.308755
23.254280	-31.398219	49.728041
-16.530744	-40.720033	77.726119
-29.226744	40.939699	51.208133
-42.637703	37.459365	24.843478
36.399622	16.063737	19.415394
-43.257524	23.034105	53.181368
24.366344	48.886306	53.672026
49.387858	-35.048437	54.622271
36.452737	4.801600	31.765534
42.535174	-21.601687	64.361900
-32.296501	-47.167062	50.581961
-27.619105	-48.515552	54.256224
6.731221	-48.501910	25.058361
-42.455965	-2.538849	48.317975
-45.770230	-38.987739	11.214726
-7.990830	-37.039356	55.261658
33.824152	12.348851	66.633435
36.610595	12.945794	86.401474
10.596438	-23.877728	81.761024
39.102732	-17.632890	60.926751
5.986500	26.672155	78.428493
-34.421664	-42.705411	37.279827
-0.557115	35.517511	54.820013
-14.141944	32.059478	47.278989
-40.306923	-7.361228	27.732436
-12.592805	-36.391127	56.168026
-49.744232	14.213989	92.732992
28.743171	-30.711180	41.875985
27.825116	17.649824	96.937328
32.765390	-47.919679	0.269768
31.316192	37.272546	18.224140
44.937751	-0.194016	60.769457
-14.547033	-0.725067	49.217350
40.177368	-3.847445	18.265307
-4.664131	21.603003	76.913035
-24.792458	25.227313	82.176558
-19.055688	-39.378367	10.608714
-29.214956	-1.051286	22.176582
-16.201386	1.581230	97.155237
-0.601996	40.987600	28.321905
3.092420	-25.129273	92.541705
-32.016648	-18.746307	22.774842
31.265759	-0.722746	71.999706
7.951314	-11.014277	79.870533
-32.905711	-36.607172	42.885694
27.668781	-38.715883	41.487337
14.543166	22.754846	82.207525
21.981177	11.848902	8.072704
-20.272935	-38.236199	31.258173
32.423035	-41.417889	48.127416
6.622343	44.246552	2.678770
45.528114	42.041313	59.339944
2.176060	48.563890	50.720079
48.737617	-21.314635	28.113026
-2.651050	26.567881	41.284529
38.559226	-42.361585	28.935730
28.440016	-3.135502	23.097703
-25.850377	-25.849701	16.110229
15.948557	-14.025023	44.434262
-17.342316	-26.049462	88.717124
-26.432712	-42.343247	58.648099
21.571182	-5.860419	57.777766
-16.830277	-11.845143	58.561349
-15.143724	9.710314	5.944733
49.439619	22.899499	13.626892
-41.810775	27.302577	38.910191
-4.658875	34.138912	83.815952
21.152805	-46.767246	26.017677
7.386028	22.575079	18.264168
-20.651953	2.029923	46.768956
-10.013775	24.679371	46.384800
0.335585	-28.041996	60.638835
-26.158549	-27.480484	65.919159
-22.194774	49.990431	92.252014
20.633986	-23.180299	52.517487
-23.367769	44.007010	42.805877
12.012014	-30.005960	2.744013
22.872008	-31.297234	73.256559
44.725599	-5.669190	28.466245
-20.326796	-10.813568	1.058466
-17.538713	-4.790561	19.437981
47.936153	-11.072227	58.316257
-30.834934	-3.589266	16.960967
-15.952409	6.156953	59.681254
43.422905	-40.549253	82.237547
27.454483	27.192689	55.755078
-1.953539	20.291210	13.187156
40.195425	-20.884717	83.622291
-39.766284	-0.785661	98.245484
35.922345	-8.980112	73.014155
44.814477	16.588993	33.623005
-10.994791	-32.615257	89.216718
28.694730	36.500892	52.784215
39.123367	33.863443	49.170413
-40.906449	20.681256	43.549038
-36.339231	-9.117981	64.934270
20.723529	-28.678642	90.551959
32.593963	-1.839868	85.305390
-22.727932	-45.001094	60.364598
14.398442	17.149287	43.919275
-43.595019	22.839184	92.332847
34.863261	-0.928574	44.335844
-4.143169	45.571678	96.034923
31.199360	-1.261808	56.469618
20.243428	-21.302436	75.922850
-23.654316	15.386790	27.608372
21.527194	-47.767838	35.088443
-17.960803	-13.371630	96.157650
35.155292	-41.698285	47.183213
-16.929348	17.374609	21.927197
41.311475	11.608597	81.376610
20.855786	9.588483	1.894935
11.484482	10.708983	13.442141
19.148718	-11.804240	11.446016
-31.997990	4.797777	14.607958
-0.114878	-32.646436	32.716837
26.326873	25.622665	89.654022
46.366386	8.293743	66.785814
45.063443	-46.415233	68.791106
-30.264648	-21.052793	71.390638
-36.020293	-36.782330	63.669290
18.673166	46.798760	29.141358
49.610591	-28.269080	94.249775
37.548258	37.785579	4.864897
-45.639952	-48.361678	89.018398
-11.903168	38.739844	59.770712
-41.725933	-19.343525	61.247843
47.548064	46.263358	84.934722
-10.878508	-31.863580	15.172777
5.152471	8.350152	12.141811
4.961954	-10.729796	11.901879
-39.593729	3.729288	7.925054
-6.295991	-34.019680	6.834317
20.381048	-47.546914	7.140793
22.684450	-21.483452	99.677748
1.063783	1.297107	11.189581
39.745839	-14.578455	28.588239
-26.709375	31.063876	72.000163
40.949703	-9.781131	54.905841
45.155040	-6.540694	16.603628
31.851611	22.472114	27.718991
31.204717	25.645801	6.612700
3.811448	-37.031112	91.587537
34.004869	-31.037916	94.660375
36.706255	-23.071808	93.878667
-35.031016	-11.187341	72.127879
-15.995326	-15.981001	61.546853
43.909111	-13.931206	7.211682
22.667020	-25.611596	89.693348
-16.451893	-49.675957	41.574317
-4.458919	43.975721	21.542998
6.732373	38.386199	42.894335
-12.865415	-38.227521	13.670718
41.257138	-8.994518	38.845146
-45.922519	35.737307	82.646778
-5.891096	4.818662	33.903147
-23.997013	-31.378158	40.993301
24.880414	7.026903	84.908575
-1.336342	23.639529	13.094479
-21.095819	29.460340	64.497322
-21.761168	49.885252	85.247816
-25.779168	22.719539	83.546603
-27.920021	-2.781583	32.504923
-45.600489	28.678117	72.853139
-18.123164	4.050343	26.461902
-39.635683	35.652702	41.999701
-5.850605	-10.722016	44.641603
-48.177699	-40.670761	65.376913
17.856615	-33.092480	41.567571
-6.598304	-46.239307	91.392412
-21.703439	31.890671	43.780594
21.261752	20.954623	14.221315
2.971435	-26.879167	14.490059
17.515650	13.504016	49.646401
-45.925132	-45.183704	18.276738
-28.929966	-28.027937	16.808360
44.538480	36.538008	4.043882
43.643014	-27.047963	52.539491
37.098910	22.610581	23.024677
36.328864	30.730811	80.763430
-44.288186	-32.604661	7.495067
21.542879	11.533640	51.929555
15.867911	-47.000165	83.963354
-18.698066	-26.776169	79.327383
-29.455953	44.235911	48.799434
24.154658	20.210967	93.956913
41.837983	27.874223	52.162709
41.727859	-26.563829	9.490900
-3.698521	1.594310	38.480752
20.491126	2.706853	95.486010
49.948671	-16.999913	86.525883
14.773944	48.591648	77.391631
18.894019	39.543598	93.028963
-33.329578	21.835104	84.696973
4.826559	-6.384468	82.480893
29.992778	18.323872	39.027824
-41.077138	33.225079	42.372797
-26.501709	-45.963484	8.977959
1.612057	-17.639566	75.304729
43.377735	-30.926668	60.174155
10.263922	15.528535	85.268431
20.252727	35.835417	27.072676
-48.047832	-34.032270	67.338534
9.643201	7.518857	13.422916
-24.612056	2.983913	26.202239
-2.711603	-38.538069	19.713863
-38.846914	3.081311	25.031266
44.401243	36.367737	51.278219
-14.301952	-47.001423	71.022753
-24.131525	16.957051	22.772570
38.901160	14.279696	23.806139
-4.777856	-36.892218	20.578181
-41.917404	34.714041	44.629946
29.316411	-47.769199	8.130511
-15.632284	-49.662665	90.747234
7.457370	-28.761107	85.842642
32.923214	-24.034546	22.140484
-43.213800	-44.923876	64.495609
-44.449089	-9.671800	15.625928
-45.936992	44.478687	24.884439
-19.074341	48.873202	87.578135
-22.868063	-0.184563	85.821179
8.163977	34.215936	92.062421
1.954597	-5.786617	9.033334
15.337078	45.304903	46.488425
37.878547	47.441764	38.358503
-35.003796	-1.603975	49.605779
31.732139	-25.088415	90.726231
35.719389	-48.300642	37.772979
-34.531346	28.073602	37.797555
42.252428	48.892293	22.096537
-13.120836	47.053579	55.637858
15.723621	-45.370732	81.132993
-5.671217	47.571795	23.021555
25.331560	11.793617	35.207607
-17.638861	-23.898890	25.048180
29.149306	41.601435	44.489573
-28.844148	49.682682	54.371371
-38.494063	-13.409668	71.841916
15.229017	-1.529520	83.874688
45.711046	-37.281574	79.083708
-2.909944	-48.221317	2.622704
26.275744	-23.884475	47.700543
-1.363973	22.225779	55.426946
1.372362	24.611846	89.353957
2.516303	5.153675	44.650863
8.330762	-46.499086	79.749902
-42.868112	6.657971	71.749733
-44.157027	-38.017028	25.656737
37.202533	14.216301	22.458865
-43.204864	32.983517	40.811826
24.213228	-16.805913	76.820896
-9.689560	20.289664	19.394419
-46.729717	27.743106	21.882627
29.300412	19.903502	95.369118
30.302067	32.337572	45.437745
-7.829310	-30.105123	59.026289
32.241060	-44.376825	48.783421
-38.005291	15.257227	70.790984
-16.592338	-24.178309	89.910568
-48.503778	-3.261221	1.234969
37.398924	26.978041	87.378670
42.132856	-9.737956	80.955727
-15.785678	-22.179944	5.738556
-4.350896	-33.355719	38.176021
-4.578420	24.215840	17.016088
5.259780	25.882126	11.164899
-15.925182	2.809994	91.638681
0.933079	-49.250185	60.998245
-42.430455	6.560941	39.636596
36.730439	-9.600119	0.634764
3.563633	6.869739	76.728726
-19.346754	-34.567526	60.757887
34.778368	47.742488	55.797557
6.602729	47.237851	63.451590
-25.097786	-28.457259	9.962044
-28.258291	29.025760	96.750284
31.218324	-20.998147	34.854004
33.248857	-8.378484	79.513178
-46.420598	-47.655363	49.797305
6.887652	39.806032	59.983570
21.600763	15.265969	17.566846
-13.472114	26.901555	97.667558
18.247606	-36.630187	51.510298
-14.996551	36.551707	43.853959
-25.042001	-8.462588	85.403371
30.940356	-45.513271	34.020650
32.433820	17.351489	42.057462
-47.800630	17.629295	45.769267
-29.904201	-40.627622	60.125188
32.502276	49.090522	75.515705
-17.997525	23.545141	58.711584
-36.130186	10.615120	87.909397
18.510052	23.121888	71.361295
-17.346387	35.817130	71.061256
-36.620788	30.306979	20.004276
35.931012	-19.131736	6.697078
-5.622731	-36.888221	88.107556
5.522571	-34.873162	79.392634
42.522266	-49.150761	39.515668
-28.167158	-6.792542	15.357388
42.926720	20.300032	16.700712
28.136773	19.982968	37.459427
30.428478	27.452501	84.445406
4.836651	-0.356431	39.898829
-27.926928	25.009499	58.996448
-17.869085	-30.320603	76.633703
18.581937	48.205701	68.279600
-41.257793	22.600083	54.272825
25.096274	-8.812902	34.329257
33.506571	11.333103	1.247996
-47.614772	25.507736	74.488881
38.670020	8.897047	42.605553
30.810347	3.463555	24.526065
21.491541	29.094133	23.612499
31.976157	-35.663834	12.994233
-41.657034	-34.791438	34.689562
-28.214765	-16.046306	91.535813
30.256203	14.043298	20.852495
-19.258702	-39.818995	39.001303
47.308172	48.121759	90.690360
2.595547	8.263981	9.787895
7.466598	5.014038	87.769216
-8.027420	-25.578648	70.751994
16.925726	-18.475616	99.775618
-28.343462	19.622034	76.620599
-0.893684	23.348598	35.199452
-22.109827	6.909757	23.138585
49.661891	-34.529156	85.015365
37.508032	45.749636	66.207960
-26.509351	-19.717235	45.636357
21.391261	-17.806084	45.118612
-21.313769	24.027815	51.546726
-4.203439	3.294809	21.786225
-9.441160	41.541543	38.117519
-39.988757	-2.186638	98.658457
-3.159858	-11.903597	37.453920
-27.754788	38.391454	62.227748
9.630034	-44.827445	32.596247
3.215723	-35.898368	22.743873
-33.158931	10.807002	59.080434
6.826578	-39.683629	3.638410
-47.430174	17.755134	95.269337
18.639273	41.267700	44.942703
-2.037465	46.163626	15.713397
-34.722437	-49.573259	63.594251
6.144347	14.448398	49.268348
16.022574	28.671971	24.154424
22.167743	-3.985267	72.176704
-28.522691	11.385021	3.560444
-38.615656	6.358637	61.430964
34.137293	-8.911565	77.778844
-48.217856	17.585281	91.082423
-1.335431	36.820370	59.171864
-7.148308	17.910180	79.583376
-31.529364	4.128763	42.685604
-22.694268	-25.812434	68.190939
-40.286659	-37.655596	85.617800
-19.664339	-12.842293	87.162171
-48.501128	46.173490	79.662251
-19.862639	-43.601678	2.280911
-25.411823	13.653460	71.707347
16.605828	33.386255	9.984609
-35.436081	-26.102320	63.873279
29.737023	-11.150753	20.439665
41.941500	49.058949	85.322615
6.056695	-7.561276	71.090041
3.855123	13.927196	81.870009
-32.908239	31.510197	39.195900
32.489166	-48.084983	61.676796
19.338516	-16.284464	25.034640
39.196201	-13.043781	66.128154
46.730069	37.817900	63.035883
-17.079417	42.349257	96.958646
-6.067810	-46.891208	27.872428
-14.095437	36.376619	7.665224
-18.698988	48.075005	80.395852
11.698597	-19.990937	9.364759
25.672208	12.963739	33.107627
-5.891928	-5.969201	74.728595
-19.336599	17.690570	57.727208
45.852124	-36.528523	78.624150
-49.339303	16.679085	14.295255
42.308537	11.212059	54.722836
-33.376214	-38.970101	94.839753
10.541678	27.510981	90.035372
38.074042	26.175498	5.915096
-3.665378	-21.739186	21.582940
-42.116380	-1.160744	70.314010
46.623171	13.109310	39.411697
18.118572	-45.237235	10.051679
28.810023	-13.283977	22.701516
41.335093	-5.038581	31.715267
-16.255115	20.951931	84.653593
5.414473	8.277764	81.260150
0.541936	-20.430243	82.736789
12.742288	-45.473934	82.195757
-40.324757	34.972484	97.978819
10.752818	-31.838784	1.932540
-45.930285	39.471314	79.146799
47.474824	8.984444	88.887172
-46.705521	43.253075	98.897271
-9.173027	40.975009	81.912258
-35.033642	-36.792726	76.451494
-24.199258	-9.454954	60.298397
-21.556975	34.480108	18.898263
-8.609626	-43.917004	24.010314
36.760699	29.744742	48.324855
-33.688109	-42.086692	6.945832
-25.406160	-3.298475	46.369907
-18.061394	2.227772	16.105696
2.367432	19.375638	72.010160
-42.093621	44.201222	67.779013
40.633315	-1.107401	6.351618
-34.493951	-15.749554	85.915550
47.162739	47.637073	22.885588
35.535923	15.631979	48.310151
24.763583	46.563130	90.008454
-0.071631	-36.543700	96.773105
40.781860	34.352333	69.190106
7.363465	-49.197650	98.186365
-27.643592	-37.561247	85.687235
-1.975254	10.825021	53.819219
45.504923	14.801808	47.052117
40.331002	13.258858	74.088394
-7.876745	11.951194	51.029220
5.156386	-23.566806	89.068543
26.651455	-12.350233	57.368300
-33.969415	-27.661397	78.624251
-4.785480	-23.638979	77.125971
-13.570441	-7.845007	33.139017
-38.250821	47.336420	57.484149
42.939888	-44.500540	76.619063
-30.738456	-39.116223	54.960074
8.892489	-10.741711	1.739557
-28.383937	-27.069584	35.918198
-24.026885	47.068286	72.157470
-42.227958	11.371210	39.281144
3.131683	13.479386	45.591687
19.524861	1.113482	48.543494
-21.593638	25.988017	92.926294
-15.949277	-24.714260	96.068562
5.074511	-38.942539	59.902903
9.575742	-5.219986	23.099750
25.253475	-12.783345	53.897894
-1.035843	48.771804	15.853458
-5.429711	-8.475757	31.685007
-22.307258	18.882588	94.264973
-45.988317	18.159468	86.463537
-48.775162	-27.546485	24.799798
-18.585559	-19.810776	56.086559
-35.692318	3.294740	49.481311
-49.604717	42.566543	72.582074
17.783021	21.438517	26.498121
-5.485951	17.280708	87.605381
-37.891783	-21.345596	42.065258
-47.109641	24.016188	27.225797
32.011086	20.703475	90.569712
40.934753	39.223090	56.413151
44.262813	-49.808076	75.188765
-14.459000	49.646319	45.930593
-1.512241	45.570234	90.212526
38.194346	48.831165	11.990673
41.323447	28.886296	67.655906
19.276447	-2.178374	63.109449
47.463124	-44.558309	23.134312
49.651552	-4.222445	25.938971
-31.812815	8.863959	43.535872
48.389151	-49.594260	25.767869
-47.176631	19.651770	78.972539
-26.556155	-46.555891	95.509472
11.590221	-19.668243	54.947916
-7.619216	37.259862	74.758976
8.334958	-41.471759	24.916816
-6.926235	-5.182986	48.328222
-20.111005	8.304090	80.366714
14.500009	-31.368824	95.824949
13.314510	16.466434	37.380787
2.095484	-35.170693	16.011430
-33.487038	25.804892	30.357356
-39.612947	22.554449	90.837443
19.810727	-12.583501	82.605982
-21.256523	-39.718087	39.536121
46.188949	23.006749	85.329026
-17.892155	18.457640	70.799802
32.507282	18.388877	76.793741
45.848507	35.352708	87.472524
36.952625	24.236792	0.562912
-31.809261	-23.880528	36.955009
13.458218	25.916767	5.131031
-26.203586	10.980327	6.596401
4.387293	24.794974	76.045300
-29.277164	-38.443115	2.041991
35.211733	15.969588	56.288368
3.461403	-16.314037	84.875514
21.979916	39.581136	56.312274
45.324657	-22.110791	95.216784
8.781547	-30.878913	45.522132
8.698072	38.592780	8.424731
-46.970498	29.683794	32.294978
9.050867	19.139195	36.887263
22.779359	8.250054	86.794078
45.387040	-40.209873	96.558780
25.034836	-3.295307	80.097188
21.999583	-25.931296	45.673414
-25.432636	-36.881961	33.826733
-20.248492	37.271747	55.947366
47.344905	29.647261	2.100812
34.954744	40.554483	73.105854
37.802089	-10.850438	69.843968
3.251406	-46.588102	20.599590
27.290971	33.134891	9.897730
0.501428	40.388509	69.832303
-35.302759	21.996633	86.659636
33.162673	-27.311624	10.780183
24.955772	-3.670430	82.352483
43.945585	1.374044	0.521096
0.139654	-31.033488	69.431196
-5.836661	-46.489902	59.122786
-19.868719	45.248753	62.053646
-44.829370	4.459411	9.741813
-24.918541	-20.278979	77.087524
-12.383724	15.802570	47.022022
-0.089731	-14.707906	35.899255
-10.964617	34.375188	2.200793
-2.330157	-18.334632	73.630115
48.901059	-17.358553	59.388596
14.703476	5.561977	76.099822
-19.289466	-18.137530	71.997372
-35.217280	-2.522827	94.151686
49.191695	25.641264	87.850848
-12.094934	5.558763	5.164745
-25.926867	8.678857	47.601470
28.443267	16.008359	7.909012
17.420141	-23.266804	53.421471
-43.007757	-15.872316	59.335919
-18.852455	31.095081	61.753713
0.245675	-40.692540	90.981241
-30.298762	43.459787	42.428866
8.442230	-10.719326	99.236905
43.722332	1.848693	61.370558
-27.740152	-6.881716	99.963530
29.883420	9.631641	2.162232
-12.932230	-46.570028	62.382540
32.962480	-4.159951	66.992842
-18.813443	32.966672	96.933954
45.893940	24.593333	26.231823
22.631567	-5.782167	0.058853
15.957627	17.981823	89.270896
8.301483	-15.461251	22.298582
-9.587129	-32.318537	47.732112
-0.010097	26.928987	57.648107
-39.323227	19.331718	95.993311
-28.077187	31.215774	14.983122
-42.060036	-0.466114	17.267207
-35.405113	-34.053140	27.571753
3.512028	-48.551531	10.098386
5.058828	-45.592286	84.220587
34.922855	26.084480	1.749606
27.718168	21.201949	65.999789
-47.170927	33.674078	78.751756
11.379786	43.882803	65.788090
-49.027334	-49.985179	53.419020
17.767799	13.174090	67.235607
-14.344083	13.511039	60.513984
-16.739581	-28.498927	72.937669
-48.730613	-2.884690	11.906320
-15.997101	31.283418	14.445681
-12.469380	44.945056	80.374668
21.126989	-21.024243	74.417876
-9.283414	6.523067	49.218376
-5.832508	-41.224431	94.755584
-16.294047	-8.940973	93.265197
-36.883914	-12.522008	56.444208
-40.288482	18.384031	76.742415
-42.902646	-20.470108	68.787979
-17.367600	-5.499590	64.261163
-42.626529	7.691866	41.993280
-22.072473	-6.809245	12.370196
-46.967345	42.350994	70.045885
-15.110258	5.907308	57.833526
-19.766661	38.645469	40.435730
-0.015798	8.496337	78.960668
19.634537	35.658937	45.633146
-44.673910	28.892009	22.035124
-19.941290	-20.262241	49.804779
12.795525	25.329952	90.783413
43.603808	27.450619	53.565855
37.392177	42.457988	17.338487
-10.890107	-22.483384	98.836211
-31.941963	-15.616629	31.392355
-22.496248	7.151228	85.461336
16.748788	3.096431	65.536461
28.073629	-23.444404	81.948635
36.488573	-44.868270	78.548659
-2.346228	-23.251654	88.471132
37.578022	-35.053827	74.283202
-20.957049	6.530249	33.087774
47.142735	-19.352206	7.733271
32.056603	18.583761	67.865122
-33.543132	20.282079	70.573261
-49.372851	4.108543	8.009901
-12.063691	35.409941	76.080661
-10.453846	37.141111	85.799252
22.778610	40.562002	62.939550
19.337884	-10.196369	13.157801
16.244330	-26.921511	14.217264
-12.994641	-44.271395	98.244075
13.744654	33.909231	99.331420
-6.935622	-18.829137	81.293859
-18.154658	47.350946	52.888173
-43.468260	-24.991036	60.199952
30.653300	16.354193	96.808459
41.245301	-13.599884	10.416509
9.284372	33.205379	46.444571
-39.741696	-29.372546	43.756083
24.550067	-21.498707	40.071146
17.632511	27.907154	19.887789
-25.295992	-29.310835	51.083043
16.847701	-48.332340	46.587975
-32.355907	41.075594	88.551100
-37.809947	28.092319	31.401246
48.893740	-1.295035	79.791900
-8.925293	-17.489871	23.929813
-3.622490	46.854172	52.132705
-33.873205	25.142414	11.127419
-19.042588	-39.014144	31.429303
9.230880	-12.519738	77.304169
-1.877045	2.383197	3.424438
-9.855655	-5.986615	95.271025
-13.379047	-34.848973	36.281962
-3.046599	2.186761	73.449145
44.461952	-14.139080	71.006165
5.547978	-24.400407	51.077355
-35.454317	-33.845808	13.824879
0.500202	-28.886919	33.172974
48.155046	8.331607	79.109563
-9.239282	-22.235204	53.064853
5.592852	-34.245236	87.948875
39.299246	-34.480275	97.664349
-16.491207	6.943940	39.235819
-33.427113	-6.465664	53.543534
7.520566	-26.506629	40.588591
9.543886	-2.739121	0.152989
-10.106515	-38.684682	31.497994
-29.439677	-43.664342	3.637812
10.076492	-27.641702	68.472070
30.956298	-42.427596	48.781328
27.614328	-1.811658	67.157870
36.250440	28.289517	46.494664
-18.181989	-31.662792	16.283052
27.542841	44.697698	95.156403
18.081065	-31.545467	49.181473
24.535768	-20.240887	2.543891
15.401665	12.508418	67.639839
-20.339119	44.890819	76.293980
22.057617	-21.610943	38.368043
12.010284	-11.085527	47.055434
-30.878399	27.903531	56.068516
13.938276	-24.698788	92.917481
-0.345717	-49.529742	14.668921
-22.923329	-23.715346	32.884079
43.089706	-44.452090	88.729353
31.541932	-1.018780	15.437954
6.901871	-28.707370	15.264512
-40.312219	45.311080	77.415308
14.683061	8.666996	43.451364
-46.717664	31.686709	90.598365
46.540739	-38.220959	86.758143
-33.634263	-45.853273	59.313634
-35.858696	34.034393	8.535605
-4.931180	-45.556895	75.560041
-26.229976	-39.708857	86.439272
-31.140242	-33.956023	1.330393
-43.633465	-14.497340	65.624519
-32.794842	16.697302	45.497658
20.532730	0.250493	32.858020
14.156402	-49.484248	63.499232
-6.952212	0.417741	35.944022
-36.694153	3.539723	2.709501
-18.056100	5.833398	52.395187
29.541269	39.141204	40.573672
28.035548	22.756433	68.632025
-45.265281	2.394720	28.732176
41.626293	21.656559	10.830036
8.680721	17.255082	41.389782
7.241792	4.428173	1.205066
17.796516	-14.464811	53.978768
-21.356286	22.168407	48.787534
-7.525964	9.381124	38.938163
7.171396	-45.379294	53.383489
-21.391357	-13.242215	41.602336
47.556852	7.181871	9.671768
-26.995553	49.703976	85.476619
-37.519793	-12.662418	86.311769
-49.744558	-42.796703	0.688620
30.493945	32.634893	89.400777
-30.042740	16.571724	6.704031
42.816985	-30.832435	79.785455
-31.831739	-26.306850	42.607146
31.795974	20.413389	72.322928
-8.780451	-42.002455	40.436075
-5.775719	-33.747863	21.208640
43.404331	-23.768371	78.453631
-12.707341	-41.898796	43.763767
4.765000	-44.516847	31.069241
49.843571	0.321635	24.073087
24.253261	-43.645166	8.915395
0.870256	-46.590139	33.274357
-28.075920	37.973830	86.273053
-45.585427	-41.160704	32.547631
39.469408	-14.800019	28.774583
-1.017273	-41.314154	49.033449
20.344518	32.047272	44.152598
-29.458240	5.733430	10.173621
5.404115	-14.517326	43.723850
-24.743748	-19.526547	49.288197
-27.360095	20.692122	44.131064
-41.348353	2.310294	18.571631
28.427062	30.329064	59.764973
-7.875929	44.009394	4.905350
-47.825396	18.830473	61.708966
-31.612009	-21.560337	23.387788
-14.079347	25.279826	57.682722
32.709077	4.215293	73.938721
27.827918	34.112240	83.710246
29.114029	-17.880234	87.171874
35.732863	-41.616269	89.535123
13.018781	-32.437674	88.823387
-30.743815	-37.001795	5.998236
-26.963270	32.171477	48.229951
0.137104	-12.418820	48.500001
-38.250919	-1.169700	48.223336
-43.295887	-31.120289	15.666935
-41.865257	-16.643961	73.146363
-0.675566	-41.379936	98.610677
-36.180785	31.670548	13.132928
43.300302	32.600188	35.158631
23.012129	2.986906	49.517948
-13.678588	-19.685360	56.029781
-27.228111	40.895773	68.641255
40.326279	-3.311018	55.950706
-25.743189	21.833196	19.027177
13.498653	-6.945640	48.774707
-35.188720	-10.447018	47.367969
-10.372354	-42.754825	96.967938
-1.519800	43.222698	34.070265
-5.739498	-7.518247	73.016617
-3.279200	-3.187283	96.954439
-23.289390	9.381065	88.838954
28.595477	41.222959	56.877301
32.548831	-24.304434	11.306564
26.419653	10.616601	12.957875
11.759702	40.083147	75.744541
-33.430308	19.262138	83.658770
48.509714	-48.447121	9.375875
-30.340928	43.454821	23.863284
-35.148583	-24.823913	89.113413
23.494314	-26.313116	2.261064
-3.389535	-18.526394	15.293636
14.826946	35.559625	31.210631
9.953749	8.892432	28.731424
-13.596785	24.178718	76.638666
12.002827	0.283116	53.068646
-14.074268	-44.110882	73.889216
27.403346	-28.488580	34.926218
-0.470407	24.643028	93.554134
4.433792	42.842008	89.055523
19.365940	-33.681921	79.312436
8.129648	28.856652	63.391127
-46.518970	48.803435	7.265391
-31.638229	-45.582467	24.260069
-2.005949	-25.434356	82.366062
21.041438	15.223808	92.324500
26.309569	39.399677	37.530108
36.355033	11.979362	31.713308
25.108637	-13.855534	45.666643
-24.899243	2.955051	46.322099
-19.759302	-10.596512	72.874528
-0.667461	30.052074	92.723338
-22.914826	-45.052640	92.882753
-22.293594	43.416254	21.165728
20.205136	4.176362	22.137086
-26.795324	22.436332	61.578992
-29.336170	-37.579735	56.705104
21.499001	-1.787030	17.896425
42.661970	20.019569	92.023948
31.261284	27.285078	35.763079
-1.532033	17.541527	47.973939
25.792053	-17.548661	53.808495
-13.156251	3.559348	69.526803
-20.942508	-3.808226	17.907038
20.709142	28.161294	87.272370
-30.117442	-39.844545	23.987549
17.291630	14.525888	41.772766
-49.305150	49.596518	97.811915
-13.833268	-36.839309	13.502508
-24.052957	-19.196737	18.333191
32.836470	-17.426815	2.835223
16.870724	34.515906	28.064963
46.439732	-30.111565	77.826835
47.310580	-0.772163	45.475944
-22.899025	-46.158845	40.239218
49.098097	-39.199966	45.384442
36.016393	19.890077	42.634536
-32.313876	-30.119514	71.858708
45.762642	-18.756595	92.964183
-45.254034	1.461247	52.707745
19.079545	-40.898697	3.499324
-24.503960	-42.486066	94.707659
-43.560747	-31.692405	26.412052
-23.420850	-5.404559	28.667932
-40.218487	18.016005	94.780373
15.889833	-12.755477	91.887605
49.878145	14.275278	86.290316
-24.631217	39.047688	78.775270
33.386546	41.051428	1.651055
-25.436120	34.829625	64.594205
-33.308219	25.196827	5.297619
-9.528331	-47.590939	94.424780
-8.459631	17.272728	39.201199
11.770072	12.617219	59.584667
-38.136414	10.767122	21.286273
7.890092	-2.830979	68.428405
29.127995	-12.077824	32.397641
-15.712916	-0.972240	62.849621
34.025881	-45.492943	88.060733
-33.104293	15.182677	68.379003
-47.924217	-43.755321	93.010031
-48.820695	34.297610	48.017882
30.503631	48.383086	16.949816
18.868426	-45.271347	38.712661
2.806781	21.703097	92.595176
-38.007959	20.473669	16.794741
-35.735055	-43.540479	7.633968
-24.205856	14.095041	82.441368
-39.212890	34.145278	56.966388
-17.511563	-37.832303	70.902281
-46.728334	45.764374	82.743458
41.975672	-31.791905	70.459089
34.350629	16.081424	62.237763
37.254817	12.634625	74.414475
-27.505669	-29.053055	95.098621
16.211136	-35.167900	49.417894
-14.606303	-47.898429	70.975776
-35.808536	-15.500652	47.005821
-35.843204	-38.116670	24.848097
-22.952776	24.306612	69.021349
-39.120397	-21.164000	64.306141
4.796657	-48.328825	2.144458
15.226961	46.106743	87.704311
-9.779399	-39.328851	53.342437
35.621418	-47.127659	50.737761
47.485698	-12.745222	10.537609
6.020424	3.622630	35.916265
27.002279	-20.381233	3.028900
3.919937	48.752459	12.620754
-35.491943	-4.616782	0.047761
10.105341	-2.197277	51.332205
-22.912589	-43.366469	8.364487
7.809021	-24.445697	50.593703
-20.423765	-32.592812	66.628037
-47.927485	44.086092	63.529456
32.901951	-10.471687	57.353538
18.345155	36.879651	77.783695
11.733826	1.702205	83.283869
21.030259	-34.827798	7.585401
-11.148752	37.156724	28.565612
14.284088	27.091545	86.897700
27.909590	48.152392	14.792846
-18.884607	-32.387620	65.555233
48.957321	-12.136891	84.217369
45.640122	22.377807	50.376059
17.369420	41.314509	10.956501
-18.930420	24.983169	46.734800
28.019226	46.658137	84.378440
-9.720190	-33.410419	7.286948
33.645694	-6.370831	43.401966
35.995041	-34.887841	19.449579
43.817541	15.424338	51.823431
-7.451669	16.949811	99.022489
-15.802824	11.386328	3.674002
-37.980882	14.385989	24.173741
-34.355461	30.207932	15.691885
-6.824413	-34.605261	47.223128
12.816726	25.041986	0.006514
48.498480	-43.516702	18.795192
-15.037432	47.070154	48.134639
45.440209	22.169347	11.957502
20.479067	-27.985880	75.104108
-15.817470	-4.448123	53.138759
