-2.668862	-2.546115	32.949318
22.741756	-12.431232	3.207456
12.416934	-19.718225	35.883906
-24.340464	17.390623	21.254770
-2.708285	8.267782	24.759685
6.809513	-23.049934	28.899306
-21.987058	-24.773595	46.484090
9.896422	14.580357	38.303924
1.625120	5.881431	34.263500
18.683800	-18.002669	49.892109
-18.785017	5.467716	43.518323
5.718809	-11.245544	8.069203
-16.426950	9.094925	37.871381
-20.931658	1.226943	27.493455
-3.702685	-4.140446	30.121786
10.141339	-13.901703	26.394851
3.550936	13.735452	38.011157
16.792557	5.033493	34.685541
-23.028824	1.515467	37.837998
-17.009297	-13.746756	36.454788
7.158303	-14.235027	27.322315
-14.991403	-4.223162	21.029402
-11.611430	-19.942945	41.405280
-10.514610	23.416702	22.852074
-24.719012	16.997651	19.320276
15.398745	20.077688	29.843771
13.458938	19.743574	23.633549
-15.501097	-11.256597	23.824595
16.959456	8.319959	40.035124
12.763346	-14.914106	0.801751
14.378009	11.171723	27.852260
-10.612092	-21.389577	24.760570
3.736602	1.815864	12.619282
17.531848	-2.605844	39.319355
-21.542810	-24.957070	47.010936
-19.965451	4.804925	13.394907
-12.414532	18.523146	19.228719
21.432279	-0.699332	36.159573
-14.020118	-10.647189	39.532366
3.332705	-2.253777	43.316317
11.000366	24.100873	24.639371
-0.010921	-14.995203	27.309853
17.507149	-23.641400	1.796289
-3.500727	-4.723863	39.176759
8.758871	-5.250943	25.587488
-14.723207	-15.593255	9.141256
-10.094999	15.735374	40.420288
-11.882629	-17.074581	8.324547
15.640061	-15.832414	24.540738
-12.771965	-1.919197	3.755845
-8.586106	-8.287690	13.052234
-21.052826	24.227299	28.643010
-15.731835	-3.277742	21.426709
-6.835770	-4.681891	11.661474
-20.327622	-5.621384	16.356061
-22.425494	-16.683736	21.586088
7.795724	-0.870355	38.626646
24.986863	-7.275047	1.078571
-20.944140	13.142267	18.716912
24.267498	11.043001	29.634981
-24.021478	21.545456	47.835964
-7.224132	-19.167272	4.953810
-7.709916	-16.478375	13.470228
11.819506	-3.419674	14.624473
-5.260100	24.095545	29.394515
21.463309	14.329676	22.170269
23.250361	-18.386485	3.162040
5.663163	-10.608923	10.362454
0.244950	5.850504	28.145397
12.405168	-0.837951	37.058827
5.393164	22.355791	27.470970
12.037590	11.324273	37.354655
24.828999	-4.343158	38.181419
-11.357687	-10.273672	10.861230
20.158409	-8.750854	29.259994
-1.608395	12.650175	0.399907
-22.190235	7.902944	49.960842
2.220199	-17.186500	47.689356
4.370431	17.810208	18.452374
16.056494	-14.432537	31.906151
-20.326913	4.902918	19.278900
-2.584516	5.613228	9.666763
18.290269	-20.492063	18.531245
2.444216	-11.976108	26.736881
3.660664	-19.460316	19.915607
3.193841	-18.971741	29.684584
12.915925	22.239568	49.796069
4.061501	-3.871634	5.546768
-21.640959	21.618921	31.210107
-6.596163	-19.349679	3.803729
15.043333	-4.460569	32.243374
10.816625	12.234313	24.902641
-19.361730	11.193594	49.848236
4.509227	-1.506212	5.559291
-11.577953	-6.107400	40.877428
-11.442187	-21.520741	42.650327
15.576857	-8.295861	28.354293
3.174091	22.632587	46.801834
-18.253487	-15.448535	4.351506
0.241752	-21.287452	45.842367
20.848433	21.593599	41.336505
-14.978178	7.776924	9.287151
24.493048	-5.013010	45.070531
12.614791	-4.645725	26.408512
1.767200	3.283151	41.214817
23.703687	-21.935766	27.600276
13.065225	-22.344670	17.687284
0.957529	7.146472	42.928457
3.889783	-23.517029	49.138401
9.417177	-0.914635	44.728365
-22.387357	15.327158	4.722605
-15.074271	6.357214	26.852182
-10.753989	15.441880	28.844523
-21.776996	8.204410	2.007843
12.030970	-15.633724	23.557901
-21.574861	11.281854	47.067889
-0.243921	15.230997	22.014916
-14.160272	-11.905246	6.887922
9.133484	-24.548758	27.153793
-1.637213	5.887601	42.259836
-0.271645	10.709909	37.395060
-24.840962	-5.646364	9.331929
-24.854969	14.829109	28.342736
12.127140	-14.729833	6.187100
-17.022112	-1.704697	19.049060
-3.253385	-12.130512	47.207837
1.354350	13.307686	2.829507
-20.156632	19.857596	28.132341
4.643544	9.049449	5.251027
4.886453	1.897548	15.720545
9.501806	13.277420	24.241621
6.815953	4.023286	0.500836
4.431204	-14.766055	4.627871
6.025105	9.251979	9.132794
13.271815	8.072002	36.034218
-14.904331	2.709095	4.191409
-15.380436	-4.590563	32.422599
-3.819297	-6.790578	34.405367
-8.222826	7.834034	6.463968
-5.622126	-10.215881	38.605204
17.680537	-5.093135	14.070052
-10.001010	-15.854661	47.574709
17.715579	-4.698659	42.543470
0.264794	6.327408	11.713711
-9.000877	6.182631	46.469550
7.459952	-9.999206	30.358783
3.734958	-5.625358	32.081273
9.094757	-4.839216	12.040308
-5.432380	-2.386001	27.037507
-23.587459	-15.788677	14.408533
3.212388	-11.417787	38.101631
12.194222	2.379597	45.469578
22.162612	18.967677	37.350007
-10.629804	24.055763	3.558377
13.577784	2.361695	44.525884
-7.544685	11.214992	1.719466
23.276324	9.988166	24.352894
-4.273501	-2.633457	25.655639
22.700245	9.523598	36.307143
-3.424712	12.931525	47.675517
-2.008557	-19.497556	29.101756
-4.743941	-0.191424	42.332716
9.065958	-17.808797	30.171624
-8.334663	3.676216	12.406645
-14.701244	19.468451	3.872664
3.779066	21.845471	31.643211
-0.039809	16.793706	37.979012
-10.204699	-14.975142	24.601836
11.439585	-13.712834	12.598157
22.063649	0.830866	37.605575
2.996805	14.247449	9.261669
-8.493117	4.340181	28.405475
23.121125	-4.727121	4.128911
18.538297	-21.642852	46.573598
-5.707231	7.528638	34.585505
-20.963858	7.662251	11.041471
19.291575	-14.881910	10.238568
17.382427	-20.436253	2.037227
13.160706	0.722484	3.340712
-19.062638	-1.509720	8.455821
-20.781475	15.669919	2.863478
9.666227	-12.863962	25.662312
3.761000	-2.915577	44.765035
12.664700	-12.356486	42.294175
-23.853813	-2.735428	39.153300
-0.361467	-19.958584	28.806859
-16.834107	-18.635178	27.237812
-7.505425	-0.740198	35.898579
24.868406	-8.026368	6.740174
-0.664772	-13.627196	5.537931
-18.821955	-18.538883	15.425352
16.798218	-24.114669	39.899295
5.019782	-4.276300	9.354643
8.557292	3.154833	27.750436
-15.239678	20.844130	19.633790
19.342442	18.262188	42.459147
2.347448	23.727761	20.749201
-11.078559	1.231319	8.876768
-17.040101	-10.397070	42.310230
-8.558833	-20.856123	28.324309
7.113549	10.062749	38.354607
-6.567210	13.282154	42.194180
19.246406	-8.835543	10.974294
16.632120	17.532013	23.651016
12.838661	-0.933358	5.033258
-19.924192	24.812021	38.066668
20.867753	-21.667812	17.961535
8.026620	20.199573	15.385970
-22.855097	24.172345	49.052264
-14.234885	7.031011	0.766484
5.941884	-16.407154	33.531793
1.335087	18.869141	7.357746
3.427234	10.284537	40.445570
-23.468605	12.399608	49.868773
-19.548533	17.044015	15.580613
10.966797	15.802570	0.485440
-2.034698	10.014848	37.425448
-7.574321	-16.393303	41.995530
18.874465	-8.448503	15.269435
-1.622258	5.718230	30.902126
24.758871	5.724570	9.673200
15.495931	2.706936	2.509596
-10.341799	12.782891	39.140689
15.025141	-3.774625	28.023386
20.337521	-3.568606	39.051591
19.366208	-4.222922	38.822133
-15.641774	3.866680	9.120940
-16.209553	17.892325	26.285712
-21.963145	1.721634	5.724763
-6.391975	13.736168	19.437207
-12.834158	-20.507393	48.517730
23.471968	5.411490	32.961102
19.034476	2.981756	22.895169
-0.935606	11.864679	7.191116
21.041481	-22.517296	29.614591
17.069283	1.391781	35.236327
20.537565	-21.483712	45.006974
-5.791572	-6.127850	3.523413
4.737593	15.158935	31.332932
3.350347	-3.953584	43.713728
22.012737	-3.404829	49.183012
24.582826	13.282641	10.768743
22.814742	-21.423407	44.996536
-22.587178	-1.364390	28.098319
0.297098	7.150214	27.304237
-1.546014	-24.786153	6.664756
23.037104	6.306745	14.329534
14.898374	4.965520	10.987150
17.497720	-16.656203	45.069222
2.303166	-1.455840	26.840651
10.637835	-23.958992	38.371123
24.807670	-20.248645	48.605906
8.929579	13.014895	19.466468
-23.490520	-20.386112	27.753975
14.466052	-19.731222	39.091027
-11.378450	-24.868665	24.305155
-2.861833	22.252843	19.805340
-14.512946	-18.197344	22.308199
-0.817410	-19.041787	8.594979
4.657765	19.152893	45.814625
21.658453	24.604989	43.121059
4.314973	-9.344797	33.758706
-6.081264	-14.509695	12.799089
-1.821150	-14.303747	4.383897
-16.563020	23.968983	41.627094
13.912623	-17.097556	6.936830
17.935823	-5.349933	34.527360
-15.674944	8.470586	34.678927
19.312048	-10.283151	39.821900
12.359965	-10.382793	27.770817
-13.894438	13.028142	7.378297
1.565802	-24.924266	6.374177
10.281872	0.549319	49.225564
-0.135242	13.012072	15.927245
11.265998	-10.813647	25.948991
-3.616924	15.204054	32.658518
12.232483	16.193385	17.684256
-12.276424	23.321898	6.040493
15.492312	-18.049748	15.358814
5.646138	-9.512163	33.467117
-2.463083	-24.319412	20.110523
-18.997190	-21.925038	37.433380
-14.917054	-12.981041	12.425488
22.874742	18.188243	2.878451
-11.159696	-20.981246	29.289567
-13.327294	-14.820447	1.581939
0.559670	-9.956947	8.544655
-8.767070	4.887663	10.108191
19.551107	16.226907	37.909217
7.507780	-20.235356	5.890366
-13.569248	-13.294874	18.398066
4.041801	9.206298	10.865985
-6.385717	11.594751	15.724733
17.977510	-11.302110	34.955566
-11.657421	8.077320	19.526050
-10.058482	-12.366195	37.871540
24.278823	-19.316021	40.085369
14.949610	5.978905	32.662567
-5.356966	-18.982367	31.280707
9.683751	-8.438588	12.432391
23.723572	8.442342	42.765026
-8.874387	21.869831	39.654375
21.529882	9.206055	42.914898
-20.567847	23.161719	44.835876
11.801675	2.421765	24.802942
2.645883	16.544368	13.067502
9.048164	11.492705	9.753882
0.411875	5.818883	27.435226
-11.849652	17.738188	12.711337
-3.982259	-14.868799	48.628299
-18.906002	-2.748091	6.888423
21.910416	6.918046	37.985954
-15.120316	-3.792794	19.849919
24.418072	2.386841	22.013105
-21.174776	23.892007	18.057726
14.651618	19.913894	36.968790
6.538800	20.487697	19.955107
7.555561	-15.574531	45.245795
0.209811	6.839679	31.660875
-21.537445	-2.150823	8.781639
-19.343149	22.791640	16.598224
1.591080	17.013220	4.068356
24.022425	-13.097993	9.588916
-14.060804	-16.767245	47.495645
14.113871	-3.942499	3.182064
-0.983011	-0.362287	37.354864
15.232648	-14.881163	12.403982
-21.373201	-18.983028	44.180958
11.977339	16.056275	16.382038
-19.310019	-9.931337	21.189409
2.443187	7.501221	1.782966
-0.006083	5.372137	16.869654
-16.773725	-20.677707	22.504933
-17.303947	11.012082	41.202712
-0.861279	-3.306081	15.771472
7.583299	-19.719173	10.433961
24.089994	10.382067	3.844050
-24.157375	13.977830	45.426352
-6.091423	-18.789457	6.033212
-16.105866	-7.926230	2.894764
-16.579410	10.124187	0.184939
-12.010285	20.978375	45.965119
-9.142414	15.634701	4.810824
-19.848103	5.876281	21.724357
-24.290805	-2.847014	37.129199
18.413058	-16.843034	2.599181
-0.413583	-2.709660	19.789089
-17.290874	-5.670254	21.758391
-4.610024	-6.981557	28.807314
16.419561	-19.798608	48.292110
12.161883	8.373813	19.417219
11.417738	19.857074	47.549220
-20.831413	-7.636815	27.805514
-5.544603	-12.728773	44.124771
0.414420	-9.883553	33.137892
-20.853592	-1.666712	13.740840
-18.073235	15.936944	49.265224
-12.302167	-2.676821	40.695410
24.377933	-16.503401	14.784380
-21.835654	22.374255	42.461606
7.142441	-17.166555	19.231828
6.202724	0.218894	1.945938
-9.988997	20.326278	10.556718
3.654717	-11.275612	4.824039
-21.103637	18.387163	30.422622
-19.083845	-15.269143	7.319250
-6.465368	-9.467307	15.561138
23.372634	10.675051	29.839594
-13.296179	-13.537905	34.360013
-19.337466	-17.271914	42.341469
-24.142156	-1.195428	20.462734
10.738541	-14.492836	16.874116
11.810283	6.142741	0.656770
-3.979514	1.153243	6.374196
4.623652	-15.748637	19.699299
6.329122	14.156947	29.525260
-10.773220	12.354898	19.078923
-24.465575	-2.642616	0.211614
6.001654	-24.775677	40.262021
-5.605898	-4.304415	26.967177
-4.171734	-7.197602	24.955308
24.941427	3.615068	42.933288
-24.436755	7.197302	31.216969
-20.316577	-8.462762	32.107308
-18.472164	6.669886	30.739267
9.547459	-7.406823	42.675872
-18.486139	-7.384610	17.924499
14.024319	7.835254	16.377977
19.819163	24.909165	25.051424
15.011553	18.346744	4.865020
-13.258836	-20.857681	20.499678
7.723765	-6.812628	43.835413
-0.484840	-8.958235	37.156409
-0.683469	8.010913	15.179604
-21.623310	-20.980325	47.815494
-9.189358	-14.130892	3.349944
5.022199	8.722998	15.544151
21.544333	-1.963666	32.338093
-1.394143	2.757353	21.413133
-20.247349	10.400363	26.377493
1.468155	22.435796	21.406899
9.604753	2.242289	5.097148
-15.950410	-1.137952	18.182496
-10.402077	15.881538	46.764187
-13.882393	-19.356489	48.781910
-0.451650	2.321571	21.161469
-9.212599	-20.182648	36.749955
-2.822845	-24.766582	17.881482
3.784632	18.796018	40.174778
-11.054589	11.439390	14.073121
19.252339	-7.218045	6.568536
-9.872128	24.648166	42.569509
3.547268	-13.091744	18.836836
-14.312224	-13.279774	26.427743
7.923305	5.120629	45.960397
-11.325525	-8.540472	2.444563
17.680752	-6.258805	39.065233
-9.900866	-3.834071	20.993314
7.090161	21.027273	42.327171
-15.799601	-8.642416	14.518345
2.381188	10.113582	9.117422
-12.364559	-23.584696	13.876048
23.135957	-18.725971	47.316154
-0.422184	-11.664782	3.269482
17.609610	11.075148	21.638828
-5.714906	-12.029352	35.799095
-11.333880	-11.135843	10.759974
5.625172	20.320346	2.560640
13.017898	11.660740	20.980488
10.641089	-9.142252	13.513042
-8.055698	-19.090068	49.744751
-9.360345	7.603703	13.023984
14.854095	3.481792	11.504190
-14.151267	-13.816190	25.816150
0.719405	-1.267305	0.150236
19.674399	9.279442	38.059781
-22.892257	21.078703	4.282489
-12.971497	-3.558439	27.511474
19.473102	-13.351964	8.202802
15.195846	22.711613	17.015487
-15.181606	20.448820	19.549016
16.568749	13.665948	29.794173
3.199655	-10.601570	9.838298
-0.892931	-2.478153	3.465198
15.124676	5.860382	40.313773
-23.083738	10.644890	15.826177
-2.968326	-16.043158	41.546828
-20.915876	-9.532859	19.828704
4.034057	21.338094	7.136233
-8.839803	12.992517	41.071251
20.566459	17.476923	7.979917
-12.469689	14.685064	40.342639
17.135887	12.496254	9.496484
-22.146467	4.166766	42.359368
-6.716225	-3.290492	34.793181
10.908559	4.378321	42.822896
13.886367	-19.734120	36.121298
-16.197474	-12.508479	48.117759
16.632467	-3.611971	26.099282
-11.286240	-9.719288	23.657781
3.238122	-19.067291	44.585345
23.236503	17.080362	27.961922
-20.161203	-12.623262	29.444475
6.537559	-21.049614	26.406885
19.014574	-17.472457	15.002054
19.775281	18.344894	26.037350
-8.907165	20.836199	43.113535
12.321701	-9.179526	35.995180
-2.581032	-23.187089	18.533646
-2.286389	-21.096596	40.698303
-19.112645	-24.134604	36.835981
14.809790	24.971720	21.986092
8.134196	-8.639322	22.764819
15.695041	-7.644102	18.109067
4.150663	20.437134	43.557027
16.057194	16.657532	6.192725
-2.585246	20.574177	40.995813
-3.530606	24.398770	38.219119
-16.723923	-3.942593	3.089154
14.353072	-23.549716	18.142842
10.875144	12.325264	35.856799
17.226075	5.789815	8.680579
-9.426214	2.483865	3.650497
-4.617789	7.184894	24.535106
-11.718007	-1.111071	7.210167
-19.468824	-17.094231	12.309825
-8.481438	-19.139218	13.065660
-10.465361	19.265686	7.814403
-14.414573	-4.485463	5.481960
13.854927	-21.297216	38.916944
-2.287883	-7.887259	4.183010
-20.666118	13.324825	23.939784
-15.908207	-11.327164	38.161924
13.969904	22.793956	16.885732
8.471661	-7.842862	39.217118
-5.015680	2.858196	38.423780
-22.645013	-12.528693	6.192864
14.964714	-3.250397	47.601805
9.212040	12.503085	39.032263
7.800186	3.658615	14.556270
-16.024053	6.110339	25.226372
-21.828979	14.347022	12.324497
-12.170058	8.590154	49.133855
6.147516	1.334971	1.991892
10.831531	-12.334041	40.394402
-17.600036	3.384946	16.822112
8.975606	-6.008294	7.951840
23.232951	-1.766078	45.369585
2.327296	-8.495000	37.410409
-24.883908	-16.969886	34.259604
-12.880989	-19.389443	30.877630
-1.690376	1.214342	13.673964
10.160934	-19.388136	33.578727
18.054690	-8.701589	44.128738
17.785445	18.638277	42.292984
21.561879	13.613691	25.539558
-9.998461	-6.567808	31.685544
1.436641	-24.914817	44.355232
-12.578839	5.773877	49.072890
-16.314471	-0.883198	28.086693
20.593073	6.154126	47.314725
23.664862	11.773248	45.310370
7.252124	11.505498	41.671307
-24.045099	-7.733186	4.271151
-3.161666	20.827679	18.079923
-1.601708	20.510816	30.186031
-1.897508	-24.119737	9.849834
8.954122	-12.042973	10.195764
-1.123369	-10.537567	25.027295
-4.179541	-6.713712	1.071831
-20.438825	23.417377	20.789845
8.532995	9.001368	11.602638
3.272645	23.752877	31.748036
-0.981250	13.467983	12.416399
-21.940255	20.847657	14.336118
-18.657916	5.658519	42.894192
-14.181387	-22.319418	18.982656
-22.008163	-7.399463	32.997977
2.551970	20.464398	47.466697
-17.520734	14.588160	0.140176
-6.182503	0.317544	23.331506
-20.235318	8.709695	37.757590
-19.773415	4.570795	8.559258
-9.181879	15.478792	29.979577
-3.539719	-21.509789	42.069373
12.721862	9.119482	6.997949
-22.403225	10.131360	32.515974
-14.992468	7.408622	1.465258
11.976148	13.300768	45.590812
10.531619	-16.649922	20.698453
9.987902	-7.492752	41.568239
-9.304174	8.678214	1.775628
-19.876349	-14.955426	41.712830
18.125173	-19.500977	21.598537
11.047804	18.833794	41.654565
15.037798	6.731513	12.109134
-12.762514	22.113212	2.538806
-13.525801	-9.192129	22.211542
0.349383	0.380424	31.716095
16.923767	-22.219587	30.099572
18.155780	1.082654	36.922264
-16.731668	-1.939245	42.553648
-17.251490	-17.388592	10.356795
4.833866	0.682643	13.654591
-1.006799	-18.623077	0.092035
-0.434558	-2.267067	31.083351
11.142262	20.326580	23.293274
15.415736	6.608899	22.906696
-17.250116	15.124288	8.500690
-0.010014	5.342687	11.135226
-2.840165	16.957245	35.396478
18.256999	0.371952	32.575494
24.398733	-10.558807	33.345952
2.897762	2.573270	34.657194
-0.379894	-15.384757	30.565566
-3.484589	18.611299	5.974504
-0.336811	-16.461302	40.873519
15.622550	-3.752358	39.907070
2.824151	7.905157	44.682300
-4.490936	-6.245205	25.835285
18.200687	-3.010249	1.767097
-17.257250	-5.202183	41.040544
-18.090926	13.391934	28.082774
12.199273	15.084275	5.089010
-20.677783	8.500612	7.673768
14.939834	16.724548	37.472456
-21.371165	4.853259	27.873032
-1.811410	22.592443	35.740456
7.912634	0.504587	0.399150
15.805620	11.357117	13.239228
-7.313960	-10.496771	29.995216
-2.113294	13.321310	29.400691
-9.316038	-1.839911	6.657537
-11.255090	16.619462	7.048996
-12.532559	22.645897	1.632443
19.875432	2.462647	33.232808
-18.822683	10.349106	18.217182
21.953250	-11.761262	14.619015
-17.690148	8.908350	36.048032
-1.916512	-13.960070	27.995823
-9.923550	8.695919	23.512432
-10.095461	12.315963	7.702212
2.571610	-23.238456	10.274619
2.814574	-16.247451	13.783900
4.123493	-12.349446	14.528557
20.927033	-9.117475	40.125435
5.915241	16.942079	30.475641
23.680341	-21.050908	17.509319
12.249717	8.536259	25.535174
18.649419	-7.634999	26.181682
24.868640	-3.948173	41.665027
-15.966107	3.021299	26.781492
-14.654669	-15.933954	3.646113
8.239603	-22.778249	37.731103
-6.076785	18.047851	46.756351
9.935747	12.734444	28.667989
-12.946974	-17.609607	38.995810
5.582787	8.185824	14.298556
-18.836894	-21.552962	17.370576
-21.200012	-17.905661	46.843059
11.114079	-19.984952	16.217815
-12.293507	12.295544	4.177842
23.601681	21.882941	38.639021
19.991230	-12.217083	14.839690
22.005420	0.018522	27.744864
-6.361164	16.395004	21.460101
-6.363262	-11.127985	26.369579
-15.453577	13.707755	2.541103
9.967810	23.631278	12.266583
-5.044655	-6.387328	42.100234
17.071664	-3.118022	45.080010
-13.016286	-2.758813	25.638659
-20.808815	-22.784077	12.966804
-3.142738	-15.487420	21.907283
21.263771	-8.468709	18.943577
-9.946480	-10.436567	6.340609
-19.657606	-23.196999	35.585165
-12.321596	21.150900	39.404103
-17.771673	-19.078465	32.584354
8.505931	16.877106	34.116841
4.688993	20.460825	29.659254
22.733624	-14.231247	47.948926
-21.976657	20.670529	6.123966
-20.262451	8.203484	11.235097
-5.627096	4.677316	37.233958
-9.371581	7.898078	10.450181
22.719858	-6.222648	42.881311
4.593128	-15.987390	23.018343
-21.879342	-2.324519	7.120477
-21.252549	-24.373153	49.737842
3.176462	-1.133451	47.271086
24.155147	4.258526	46.859063
-13.938603	15.723493	3.914169
-23.635271	-20.528174	26.263125
24.388477	-11.457412	10.067327
-14.927189	7.743448	24.438331
18.317706	-12.080060	15.291895
13.159193	20.053795	24.442203
-9.792702	7.369834	44.326705
-12.037629	3.897149	6.947445
24.154477	6.495788	20.323602
23.362942	4.293388	5.058062
-7.995912	1.598628	10.313986
-2.811336	-24.595992	30.916002
-4.822512	-2.012161	37.949392
12.112940	-15.373551	34.530026
-22.406847	17.808490	36.220237
-8.147303	-10.983814	6.459482
-19.924701	-18.986889	35.996067
-19.022280	-9.796525	43.268625
11.596713	16.668279	30.619092
-2.832432	0.999006	27.943772
-9.764744	-1.920465	33.016251
-18.943687	-11.638667	9.022502
-17.737356	-19.230888	45.833191
5.784659	-18.677211	44.735460
9.104578	5.168040	40.297063
-15.779051	14.078464	46.120806
21.304629	-19.147712	39.352322
-20.196779	9.503520	47.543276
-14.559609	19.850220	24.149593
14.892338	-0.429169	21.325759
4.407041	-6.875503	25.495242
15.184382	9.256669	10.790494
-0.126617	11.351525	13.505856
-17.463698	-14.526547	41.849568
-0.405196	2.119499	36.342627
-3.584155	6.517742	40.952518
19.843424	-2.231423	2.687372
-21.019530	-19.970017	5.487233
-22.053244	15.663587	41.814983
9.633223	-12.382821	12.386869
-0.918454	-22.647211	8.089179
-12.955980	6.364897	21.172209
-2.612665	2.344639	23.987113
7.708551	-13.875727	23.818183
7.654756	-24.060297	22.727620
14.032134	23.805632	27.911790
-14.431439	-20.091119	46.474537
6.913019	10.967264	35.778725
-8.395704	5.282114	28.980955
7.028327	3.546143	36.957542
-23.911684	19.890734	2.859940
-14.870812	-1.890517	16.440520
24.972038	-14.829595	46.290104
2.134061	-3.907776	13.321931
-1.115538	-15.453378	3.599663
-16.629710	-15.630379	10.161833
-16.300216	13.667168	26.833746
-8.346717	-2.607324	23.939335
8.127365	-13.862688	31.290614
2.615112	-3.753098	38.227654
-15.511761	20.196117	13.751443
-16.362298	24.357655	33.851132
15.322017	-14.978608	44.296186
9.529723	-19.071061	4.690440
-17.714739	-13.798297	32.931983
-0.837145	-5.611062	35.131310
8.821920	21.325499	8.202255
7.277830	9.597865	7.656827
11.027479	-18.093402	7.970678
-9.662779	-9.289294	3.391205
-6.085531	4.987867	19.737777
-3.501249	-16.286276	6.327028
-10.378366	-23.179007	31.163932
-17.275197	-6.487668	5.669563
-11.363378	-20.285378	40.929578
13.409449	-19.187785	1.237036
14.120098	9.864680	25.678307
-20.985246	-11.885090	2.423257
-0.749812	-3.525852	3.711365
7.983565	-12.643723	13.091011
-7.904760	-10.886274	15.915919
-18.500311	4.544363	23.656373
9.550327	-24.965260	43.575987
-12.078390	16.475524	31.154725
0.947062	-13.422772	2.664541
22.911535	17.244145	18.705478
8.183698	-9.694935	46.516054
1.021431	-21.148591	20.483675
-6.785396	-16.420895	2.908343
0.976286	-11.759533	30.763364
-7.103413	16.275742	16.676152
-23.116606	8.975590	16.778099
-9.523605	22.855274	40.599146
-24.906540	-21.872836	36.450616
-15.956910	-1.351207	19.043722
21.472503	5.075841	16.916720
-16.372576	21.189483	45.371758
-24.754805	-6.745797	31.257927
24.529039	-2.780725	38.469805
-5.921903	-18.849686	27.273171
12.562999	16.929803	20.028357
-20.103275	-20.436584	49.909006
2.703281	19.850571	36.486362
17.722083	0.711638	3.371700
4.610109	-17.366056	9.541780
-8.849724	1.197265	35.336890
-8.121993	2.955173	0.186870
21.394134	3.640103	17.970871
9.368237	20.337607	39.121050
5.873228	11.416268	6.351139
23.049253	3.316493	5.837762
16.127471	-20.416997	1.348397
-3.895106	18.462387	41.495087
24.063163	5.873324	39.788086
17.943838	-22.428565	36.917281
2.240038	-7.694359	0.000684
2.019357	-18.025459	17.933660
-15.385792	15.610826	43.219630
18.835896	11.546936	32.517714
-16.622276	-3.554804	17.168426
-20.422537	7.488409	0.065943
11.827663	-17.038513	1.643923
-8.996509	-4.144795	36.334387
-7.395739	-7.659148	30.622946
-0.133910	-9.044587	13.532707
-1.863135	-9.342998	13.913167
16.360889	-19.352005	14.823934
15.417587	-15.678282	43.973902
-16.142699	-6.143416	23.302452
-19.261387	7.231051	13.259501
18.692977	-0.059339	19.863457
24.199972	22.995347	41.219497
-20.533598	-2.852492	41.494403
-21.900138	14.022686	13.058096
-13.668204	5.257142	5.225982
-2.790930	14.814743	8.798219
-7.769448	9.270594	47.692845
7.676658	-12.254348	9.121560
11.335710	-22.309615	13.362256
20.236962	-6.583623	49.210409
-1.755893	3.717593	17.509662
-15.310576	-20.642878	20.686254
12.011640	-14.159524	27.266111
7.652970	-13.403307	45.946449
-1.471410	-11.309167	42.991336
-22.259241	-20.746242	29.808361
-2.819943	6.357237	6.620148
20.467165	-9.704147	47.290075
16.748630	-4.944851	48.608435
-2.708155	-20.122923	13.545037
-11.920820	-9.497775	35.442442
-9.987671	-13.448050	0.859145
20.698196	17.535259	43.493783
13.886185	-3.783625	12.771364
-3.134627	-17.122256	29.439705
15.120778	-4.673347	5.842614
-13.733152	-18.047976	4.654790
-2.001904	2.029561	5.992584
17.272092	16.087149	41.663830
-13.377110	-11.939993	49.131053
18.854031	2.233022	12.255391
17.098174	13.963409	45.175514
13.537926	6.634354	17.077324
19.567565	17.417458	42.180203
3.171272	-13.787661	20.610605
-18.336976	-10.258054	4.980013
-6.875044	-24.140594	12.112950
-9.757834	20.522727	40.693399
-7.355102	8.427368	36.276476
-17.343937	2.104383	4.941803
1.979337	-5.236636	48.015752
1.638719	-10.932613	33.466675
21.571464	17.794587	3.507502
-20.701783	24.613203	30.056902
23.083605	-21.377528	39.064627
-5.124026	19.167813	6.835396
10.942168	11.071252	37.960031
-22.842307	-2.422233	41.571061
6.329341	-0.743310	25.518073
17.183380	-9.010388	39.867891
5.660179	-21.119169	11.089812
-5.039583	20.732730	36.906001
15.445751	-23.090377	7.823233
12.337339	-13.727567	30.600705
7.779073	-10.845813	0.859219
-23.061740	-2.847944	7.950230
8.818481	-13.997062	6.825503
10.860053	-18.411865	36.867052
9.674570	-1.671429	32.580209
15.475796	14.207539	0.611274
-9.265353	-7.510561	39.247743
1.114770	21.050611	31.033177
-0.814627	-1.365636	44.481432
10.661035	-10.311671	27.332303
-22.113356	-5.353075	27.174542
10.623131	-22.482600	10.393178
16.915023	-17.548132	29.814308
0.061166	19.921143	18.542380
-18.968589	14.469812	23.523426
15.529064	16.273617	10.118340
-12.465024	-13.609600	43.923741
-4.078788	-12.571464	0.711305
-1.408043	14.007654	47.077358
22.732899	21.241125	40.489591
22.594045	16.736607	41.910497
-6.177654	3.454209	29.396873
16.148338	-8.695960	19.106318
5.729656	-16.688402	18.118915
-16.055413	-13.640451	46.445776
2.275637	-9.675165	6.734365
-22.933568	-18.854236	39.145336
12.054299	-10.647493	49.274052
-24.515809	4.138781	39.875925
5.730463	0.844123	17.189345
-5.154180	22.947954	21.957458
-7.740350	-19.266567	19.981890
20.823548	-24.766855	26.876187
-8.818027	-9.033589	16.844929
-23.330363	15.828260	37.403434
17.419783	18.017012	11.030346
14.536018	2.588192	14.611839
4.281643	18.126240	7.001512
-7.468684	-9.980361	23.064699
-10.570151	-1.801603	27.844824
-3.166808	-0.697316	6.384885
-8.111884	-6.579685	40.645486
20.925973	-12.919578	39.234099
-21.062121	-17.831174	18.622084
-16.642263	-10.299083	16.625607
-2.898243	-18.254032	32.502003
4.719260	-1.494249	33.495899
-24.578549	23.954066	8.828762
-18.258671	-2.974305	39.967175
14.084596	13.225340	36.418214
24.706030	17.120735	15.360618
9.536240	-21.661242	18.718568
4.050228	-24.829431	42.625937
22.650884	16.949618	25.672459
-1.974025	10.239002	22.837054
-15.738826	-13.835984	46.510110
-17.874946	-14.758555	41.248903
12.083220	-14.017559	8.428634
13.202624	-13.131295	11.193805
24.729781	1.747137	35.271365
-2.369354	-14.096573	9.382620
9.498990	-21.049554	10.160313
-15.846850	-15.788917	35.891841
-23.501598	-0.255778	20.875112
-24.520781	-10.999682	18.548152
9.731519	23.603500	8.020133
15.892254	-15.550472	36.624893
-6.496364	8.780132	26.874154
2.245953	6.713673	45.062981
6.663150	-18.687089	37.293042
-1.047053	3.192200	28.963667
-19.622953	23.644970	41.722468
-20.093342	-6.208321	34.861709
8.811691	-13.589179	7.590593
23.617095	-1.195536	20.189336
-19.558415	3.584484	9.035868
-3.344784	-3.115461	34.802506
11.344372	-22.011172	22.124030
1.004520	9.057194	9.633575
24.538671	-7.928189	28.165324
-10.089502	10.839372	21.500998
4.833877	-18.914265	28.290554
16.743012	19.722662	31.917090
-4.656936	6.685740	32.065883
12.288155	15.985243	5.506134
21.668511	-22.953641	29.676390
-22.334379	-13.985065	48.079084
21.797988	20.376646	49.602064
16.678902	-22.961185	18.871988
-21.487336	0.607146	15.193052
-12.397040	11.159920	38.643433
12.713103	8.358156	35.440762
21.431346	0.226686	11.122909
2.998041	1.556429	12.564092
4.248642	17.893747	26.643266
-19.211414	24.585097	2.609346
19.584317	15.724449	8.043295
8.236883	21.828199	39.212822
17.503721	-21.493840	44.891899
20.335575	20.959051	38.710646
-6.517799	-5.815117	33.392778
3.030740	15.186871	31.893924
8.463302	15.784515	36.960226
-5.438926	10.853714	49.239479
-21.263079	20.624868	26.440545
21.599600	7.330136	10.312318
-13.165879	-18.997284	3.033340
13.294298	-1.896800	33.912210
-17.801208	1.264109	37.718953
9.700378	-2.262693	11.796594
-24.885939	14.212441	39.477968
3.630185	3.468819	18.657327
-22.557804	-19.286828	49.239821
6.572713	-16.008418	33.352095
-2.512153	2.340173	18.672652
-5.070318	-19.300455	30.213384
-5.449231	7.497963	16.076312
-5.240325	-24.356482	44.387174
-12.559289	9.221585	19.896452
9.404056	-15.782028	32.720357
4.581471	-10.617115	35.472272
24.121869	-20.170971	15.696146
3.379391	-15.254703	17.199172
3.566707	-23.801759	2.823726
-10.003562	1.685274	3.357689
-13.411989	-22.495875	0.463402
-10.289098	-13.550309	40.578483
20.480166	-10.964054	37.918293
8.693412	5.212462	5.466858
-16.598153	-16.699910	7.007175
15.605408	-12.808692	9.757913
14.110718	-19.985685	40.266533
20.119864	16.585010	46.804964
-2.456489	-11.071343	22.997454
-13.138302	-7.657163	4.368738
-9.135388	-14.176456	24.126582
20.407508	20.220903	9.833265
-9.154282	-9.350898	42.094220
-12.304426	-16.500065	39.112271
-24.349229	-11.930741	22.133074
16.392557	13.044679	38.455695
-6.387518	21.084604	21.300449
-7.009008	22.658011	18.394459
18.078702	-19.817481	30.513143
20.186493	-8.464243	49.219769
-6.287527	1.561401	5.674523
24.031986	8.285827	10.605727
11.155599	24.563600	8.657228
-14.323596	-17.159468	8.419986
3.380068	-16.274040	11.563707
6.242399	-6.715836	46.335938
18.958409	19.737985	6.956129
6.047224	3.209016	30.751037
3.414311	-22.732984	41.379230
-1.253195	4.631881	27.347015
-5.095546	-24.092719	28.703667
-21.192792	-11.583363	48.521398
7.716818	-23.365348	26.526208
17.102049	-5.203779	33.204814
-22.684614	-16.740346	46.196337
-1.670162	-23.891460	12.128112
-7.485776	3.250291	49.997592
-10.842480	18.443802	20.107400
-0.658621	-13.473575	18.699244
