Camera Matrices
cam1
9132.797200, 100.295328, -630.011798, 660562.876575
-147.745977, 9073.337754, -1103.662924, 409724.565594
0.135654, 0.165122, 0.976900, 942.673952
cam2
9148.169475, 96.758314, 632.154031, 605094.604064
-0.038619, 9103.434422, -987.859989, 419436.398656
0.000053, 0.151207, 0.988502, 946.138600
cam3
8922.844127, 105.639376, 2049.458713, 526094.100402
155.176807, 9083.870967, -1018.919243, 396017.601998
-0.154211, 0.156103, 0.975628, 925.086025
cam4
9098.078655, -0.015606, -1031.016504, 666322.587019
72.674704, 9133.936728, 392.872107, 346170.240855
0.181779, 0.000051, 0.983339, 922.567800
cam5
9159.895219, 0.043503, 639.507222, 598841.587145
0.011517, 9159.881743, 399.520160, 351630.170335
0.000054, 0.000052, 1.000000, 936.372324
cam6
8877.376944, 0.114452, 2273.983996, 512524.345443
-71.948869, 9141.641025, 392.997908, 344997.403161
-0.179883, 0.000051, 0.983688, 919.673853
cam7
9096.491888, -94.648372, -975.610928, 659048.378842
315.369460, 8948.862235, 1809.902337, 298879.639690
0.172979, -0.158018, 0.972167, 915.822947
cam8
9147.024120, -99.275080, 631.764321, 588987.184249
0.054331, 8974.107673, 1814.613850, 280480.562048
0.000053, -0.155183, 0.987886, 920.984664
cam9
8948.910875, -104.884093, 1949.922727, 531600.065815
-258.428477, 8963.360890, 1799.439200, 297168.044807
-0.143269, -0.155714, 0.977357, 926.436109


Camera Parameters
cam1
-134.007458
-159.179311
-919.451038
-0.165882
0.137979
-0.000598
9132.653433
cam2
-0.002562
-147.490844
-934.582672
-0.151789
0.000054
-0.000002
9148.135637
cam3
149.724409
-147.213852
-900.974521
-0.156744
-0.156766
0.000636
9133.399587
cam4
-175.872419
2.455733
-905.687299
-0.000051
0.182795
-0.000005
9133.916479
cam5
-0.002702
2.453034
-936.372455
-0.000052
0.000054
0.000001
9159.860802
cam6
173.619065
2.454740
-903.175447
-0.000051
-0.180868
0.000009
9141.620460
cam7
-166.085153
152.008129
-887.783406
0.158683
0.176088
0.000719
9126.737624
cam8
-0.000189
152.416122
-908.336091
0.155813
0.000053
0.000005
9146.990322
cam9
139.193008
152.191010
-903.247833
0.156350
-0.145552
-0.000579
9137.100479


World Points
-19.999920, -19.999906, -19.999892, -19.999879, -19.999865, -19.999851, -14.999920, -14.999906, -14.999892, -14.999879, -14.999865, -14.999851, -9.999920, -9.999906, -9.999892, -9.999879, -9.999865, -9.999851, -4.999920, -4.999906, -4.999892, -4.999879, -4.999865, -4.999851, 0.000080, 0.000094, 0.000108, 0.000121, 0.000135, 0.000149, 5.000080, 5.000094, 5.000108, 5.000121, 5.000135, 5.000149, 10.000080, 10.000094, 10.000108, 10.000121, 10.000135, 10.000149, 15.000080, 15.000094, 15.000108, 15.000121, 15.000135, 15.000149, 20.000080, 20.000094, 20.000108, 20.000121, 20.000135, 20.000149, -19.999974, -19.999960, -19.999946, -19.999933, -19.999919, -19.999906, -14.999974, -14.999960, -14.999946, -14.999933, -14.999919, -14.999906, -9.999974, -9.999960, -9.999947, -9.999933, -9.999919, -9.999906, -4.999974, -4.999960, -4.999947, -4.999933, -4.999919, -4.999906, 0.000026, 0.000040, 0.000053, 0.000067, 0.000081, 0.000094, 5.000026, 5.000040, 5.000053, 5.000067, 5.000081, 5.000094, 10.000026, 10.000040, 10.000053, 10.000067, 10.000081, 10.000094, 15.000026, 15.000040, 15.000053, 15.000067, 15.000081, 15.000094, 20.000026, 20.000040, 20.000053, 20.000067, 20.000081, 20.000094, -20.000047, -20.000030, -20.000014, -19.999997, -19.999981, -19.999964, -15.000047, -15.000030, -15.000014, -14.999997, -14.999981, -14.999964, -10.000047, -10.000030, -10.000014, -9.999997, -9.999981, -9.999964, -5.000047, -5.000030, -5.000014, -4.999997, -4.999981, -4.999964, -0.000047, -0.000030, -0.000014, 0.000003, 0.000019, 0.000036, 4.999953, 4.999970, 4.999986, 5.000003, 5.000019, 5.000036, 9.999953, 9.999970, 9.999986, 10.000003, 10.000019, 10.000036, 14.999953, 14.999970, 14.999986, 15.000003, 15.000019, 15.000036, 19.999953, 19.999970, 19.999986, 20.000003, 20.000019, 20.000036, -20.000122, -20.000138, -20.000155, -20.000171, -20.000187, -20.000203, -15.000122, -15.000138, -15.000155, -15.000171, -15.000187, -15.000203, -10.000122, -10.000138, -10.000155, -10.000171, -10.000187, -10.000203, -5.000122, -5.000139, -5.000155, -5.000171, -5.000187, -5.000203, -0.000122, -0.000139, -0.000155, -0.000171, -0.000187, -0.000203, 4.999877, 4.999861, 4.999845, 4.999829, 4.999813, 4.999797, 9.999877, 9.999861, 9.999845, 9.999829, 9.999813, 9.999797, 14.999877, 14.999861, 14.999845, 14.999829, 14.999813, 14.999797, 19.999877, 19.999861, 19.999845, 19.999829, 19.999813, 19.999797, -20.000000, -20.000009, -20.000019, -20.000028, -20.000038, -20.000048, -15.000000, -15.000009, -15.000019, -15.000029, -15.000038, -15.000048, -10.000000, -10.000010, -10.000019, -10.000029, -10.000038, -10.000048, -5.000000, -5.000010, -5.000019, -5.000029, -5.000038, -5.000048, -0.000000, -0.000010, -0.000019, -0.000029, -0.000038, -0.000048, 5.000000, 4.999990, 4.999981, 4.999971, 4.999962, 4.999952, 10.000000, 9.999990, 9.999981, 9.999971, 9.999962, 9.999952, 15.000000, 14.999990, 14.999981, 14.999971, 14.999962, 14.999952, 20.000000, 19.999990, 19.999981, 19.999971, 19.999962, 19.999952, -19.999871, -19.999901, -19.999930, -19.999960, -19.999989, -20.000019, -14.999871, -14.999901, -14.999930, -14.999960, -14.999989, -15.000019, -9.999871, -9.999901, -9.999930, -9.999960, -9.999989, -10.000019, -4.999871, -4.999901, -4.999930, -4.999960, -4.999989, -5.000019, 0.000129, 0.000099, 0.000070, 0.000040, 0.000011, -0.000019, 5.000129, 5.000099, 5.000070, 5.000040, 5.000011, 4.999981, 10.000129, 10.000099, 10.000070, 10.000040, 10.000011, 9.999981, 15.000129, 15.000099, 15.000070, 15.000040, 15.000011, 14.999981, 20.000129, 20.000099, 20.000070, 20.000040, 20.000011, 19.999981, -20.000045, -20.000033, -20.000021, -20.000010, -19.999998, -19.999986, -15.000045, -15.000033, -15.000021, -15.000010, -14.999998, -14.999986, -10.000045, -10.000033, -10.000021, -10.000010, -9.999998, -9.999986, -5.000045, -5.000033, -5.000021, -5.000010, -4.999998, -4.999986, -0.000045, -0.000033, -0.000021, -0.000010, 0.000002, 0.000014, 4.999955, 4.999967, 4.999979, 4.999990, 5.000002, 5.000014, 9.999955, 9.999967, 9.999979, 9.999990, 10.000002, 10.000014, 14.999955, 14.999967, 14.999979, 14.999990, 15.000002, 15.000014, 19.999955, 19.999967, 19.999979, 19.999990, 20.000002, 20.000014, -20.000101, -20.000111, -20.000122, -20.000132, -20.000143, -20.000153, -15.000101, -15.000111, -15.000122, -15.000132, -15.000143, -15.000153, -10.000101, -10.000111, -10.000122, -10.000132, -10.000143, -10.000153, -5.000101, -5.000111, -5.000122, -5.000132, -5.000143, -5.000153, -0.000101, -0.000111, -0.000122, -0.000132, -0.000143, -0.000153, 4.999899, 4.999889, 4.999878, 4.999868, 4.999857, 4.999847, 9.999899, 9.999889, 9.999878, 9.999868, 9.999857, 9.999847, 14.999899, 14.999889, 14.999878, 14.999868, 14.999857, 14.999847, 19.999899, 19.999889, 19.999878, 19.999868, 19.999857, 19.999847, -19.999958, -20.000013, -20.000068, -20.000123, -20.000178, -20.000233, -14.999958, -15.000013, -15.000068, -15.000123, -15.000178, -15.000233, -9.999958, -10.000013, -10.000068, -10.000123, -10.000178, -10.000233, -4.999958, -5.000013, -5.000068, -5.000123, -5.000178, -5.000233, 0.000042, -0.000013, -0.000068, -0.000123, -0.000178, -0.000233, 5.000042, 4.999987, 4.999932, 4.999877, 4.999822, 4.999767, 10.000042, 9.999987, 9.999932, 9.999877, 9.999822, 9.999767, 15.000042, 14.999987, 14.999932, 14.999877, 14.999822, 14.999767, 20.000042, 19.999987, 19.999932, 19.999877, 19.999822, 19.999767, -19.999750, -19.999773, -19.999796, -19.999819, -19.999842, -19.999865, -14.999750, -14.999773, -14.999796, -14.999819, -14.999842, -14.999865, -9.999750, -9.999773, -9.999796, -9.999819, -9.999842, -9.999865, -4.999750, -4.999773, -4.999796, -4.999819, -4.999842, -4.999865, 0.000250, 0.000227, 0.000204, 0.000181, 0.000158, 0.000135, 5.000250, 5.000227, 5.000204, 5.000181, 5.000158, 5.000135, 10.000250, 10.000227, 10.000204, 10.000181, 10.000158, 10.000135, 15.000250, 15.000227, 15.000204, 15.000181, 15.000158, 15.000135, 20.000250, 20.000227, 20.000204, 20.000181, 20.000158, 20.000135, -20.000158, -20.000140, -20.000122, -20.000104, -20.000087, -20.000069, -15.000158, -15.000140, -15.000122, -15.000104, -15.000087, -15.000069, -10.000158, -10.000140, -10.000122, -10.000104, -10.000087, -10.000069, -5.000158, -5.000140, -5.000122, -5.000104, -5.000087, -5.000069, -0.000158, -0.000140, -0.000122, -0.000104, -0.000087, -0.000069, 4.999842, 4.999860, 4.999878, 4.999896, 4.999913, 4.999931, 9.999842, 9.999860, 9.999878, 9.999896, 9.999913, 9.999931, 14.999842, 14.999860, 14.999878, 14.999896, 14.999913, 14.999931, 19.999842, 19.999860, 19.999878, 19.999896, 19.999913, 19.999931, -19.999873, -19.999862, -19.999851, -19.999840, -19.999829, -19.999817, -14.999873, -14.999862, -14.999851, -14.999840, -14.999829, -14.999818, -9.999873, -9.999862, -9.999851, -9.999840, -9.999829, -9.999818, -4.999873, -4.999862, -4.999851, -4.999840, -4.999829, -4.999818, 0.000127, 0.000138, 0.000149, 0.000160, 0.000171, 0.000182, 5.000127, 5.000138, 5.000149, 5.000160, 5.000171, 5.000182, 10.000127, 10.000138, 10.000149, 10.000160, 10.000171, 10.000182, 15.000127, 15.000138, 15.000149, 15.000160, 15.000171, 15.000182, 20.000127, 20.000138, 20.000149, 20.000160, 20.000171, 20.000182, -20.000087, -20.000074, -20.000061, -20.000048, -20.000035, -20.000022, -15.000087, -15.000074, -15.000061, -15.000048, -15.000035, -15.000022, -10.000087, -10.000074, -10.000061, -10.000048, -10.000035, -10.000022, -5.000087, -5.000074, -5.000061, -5.000048, -5.000035, -5.000022, -0.000087, -0.000074, -0.000061, -0.000048, -0.000035, -0.000022, 4.999913, 4.999926, 4.999939, 4.999952, 4.999965, 4.999978, 9.999913, 9.999926, 9.999939, 9.999952, 9.999965, 9.999978, 14.999913, 14.999926, 14.999939, 14.999952, 14.999965, 14.999978, 19.999913, 19.999926, 19.999939, 19.999952, 19.999965, 19.999978, -20.000159, -20.000093, -20.000027, -19.999961, -19.999894, -19.999828, -15.000159, -15.000093, -15.000027, -14.999961, -14.999894, -14.999828, -10.000159, -10.000093, -10.000027, -9.999961, -9.999894, -9.999828, -5.000160, -5.000093, -5.000027, -4.999961, -4.999894, -4.999828, -0.000160, -0.000093, -0.000027, 0.000039, 0.000106, 0.000172, 4.999840, 4.999907, 4.999973, 5.000039, 5.000106, 5.000172, 9.999840, 9.999907, 9.999973, 10.000039, 10.000106, 10.000172, 14.999840, 14.999907, 14.999973, 15.000039, 15.000106, 15.000172, 19.999840, 19.999907, 19.999973, 20.000039, 20.000106, 20.000172, -20.000036, -20.000034, -20.000032, -20.000030, -20.000028, -20.000027, -15.000036, -15.000034, -15.000032, -15.000030, -15.000029, -15.000027, -10.000036, -10.000034, -10.000032, -10.000031, -10.000029, -10.000027, -5.000036, -5.000034, -5.000032, -5.000031, -5.000029, -5.000027, -0.000036, -0.000034, -0.000033, -0.000031, -0.000029, -0.000027, 4.999964, 4.999965, 4.999967, 4.999969, 4.999971, 4.999973, 9.999964, 9.999965, 9.999967, 9.999969, 9.999971, 9.999973, 14.999963, 14.999965, 14.999967, 14.999969, 14.999971, 14.999973, 19.999963, 19.999965, 19.999967, 19.999969, 19.999971, 19.999973, -20.000080, -20.000027, -19.999974, -19.999921, -19.999869, -19.999816, -15.000080, -15.000027, -14.999974, -14.999921, -14.999869, -14.999816, -10.000080, -10.000027, -9.999974, -9.999921, -9.999869, -9.999816, -5.000080, -5.000027, -4.999974, -4.999921, -4.999869, -4.999816, -0.000080, -0.000027, 0.000026, 0.000079, 0.000131, 0.000184, 4.999920, 4.999973, 5.000026, 5.000079, 5.000131, 5.000184, 9.999920, 9.999973, 10.000026, 10.000079, 10.000131, 10.000184, 14.999920, 14.999973, 15.000026, 15.000079, 15.000131, 15.000184, 19.999920, 19.999973, 20.000026, 20.000079, 20.000131, 20.000184, -20.000107, -20.000091, -20.000076, -20.000060, -20.000045, -20.000029, -15.000107, -15.000091, -15.000076, -15.000060, -15.000045, -15.000029, -10.000107, -10.000091, -10.000076, -10.000060, -10.000045, -10.000029, -5.000107, -5.000091, -5.000076, -5.000060, -5.000045, -5.000029, -0.000107, -0.000091, -0.000076, -0.000060, -0.000045, -0.000029, 4.999893, 4.999909, 4.999924, 4.999940, 4.999955, 4.999971, 9.999893, 9.999909, 9.999924, 9.999940, 9.999955, 9.999971, 14.999893, 14.999909, 14.999924, 14.999940, 14.999955, 14.999971, 19.999893, 19.999909, 19.999924, 19.999940, 19.999955, 19.999971, -19.999989, -20.000011, -20.000034, -20.000056, -20.000079, -20.000102, -14.999989, -15.000011, -15.000034, -15.000056, -15.000079, -15.000102, -9.999989, -10.000011, -10.000034, -10.000056, -10.000079, -10.000102, -4.999989, -5.000011, -5.000034, -5.000056, -5.000079, -5.000102, 0.000011, -0.000011, -0.000034, -0.000056, -0.000079, -0.000102, 5.000011, 4.999989, 4.999966, 4.999943, 4.999921, 4.999898, 10.000011, 9.999989, 9.999966, 9.999943, 9.999921, 9.999898, 15.000011, 14.999989, 14.999966, 14.999943, 14.999921, 14.999898, 20.000011, 19.999989, 19.999966, 19.999943, 19.999921, 19.999898, -20.000153, -20.000129, -20.000106, -20.000082, -20.000059, -20.000036, -15.000153, -15.000129, -15.000106, -15.000082, -15.000059, -15.000036, -10.000153, -10.000129, -10.000106, -10.000082, -10.000059, -10.000036, -5.000153, -5.000129, -5.000106, -5.000082, -5.000059, -5.000036, -0.000153, -0.000129, -0.000106, -0.000082, -0.000059, -0.000036, 4.999847, 4.999871, 4.999894, 4.999918, 4.999941, 4.999964, 9.999847, 9.999871, 9.999894, 9.999918, 9.999941, 9.999964, 14.999847, 14.999871, 14.999894, 14.999918, 14.999941, 14.999964, 19.999847, 19.999871, 19.999894, 19.999918, 19.999941, 19.999964, -19.999938, -19.999957, -19.999977, -19.999996, -20.000016, -20.000035, -14.999938, -14.999957, -14.999977, -14.999996, -15.000016, -15.000035, -9.999938, -9.999957, -9.999977, -9.999996, -10.000016, -10.000035, -4.999938, -4.999957, -4.999977, -4.999996, -5.000016, -5.000035, 0.000062, 0.000043, 0.000023, 0.000004, -0.000016, -0.000035, 5.000062, 5.000043, 5.000023, 5.000004, 4.999984, 4.999965, 10.000062, 10.000043, 10.000023, 10.000004, 9.999984, 9.999965, 15.000062, 15.000042, 15.000023, 15.000003, 14.999984, 14.999964, 20.000062, 20.000042, 20.000023, 20.000003, 19.999984, 19.999964, -19.999959, -20.000011, -20.000063, -20.000116, -20.000168, -20.000220, -14.999959, -15.000011, -15.000063, -15.000116, -15.000168, -15.000220, -9.999959, -10.000011, -10.000063, -10.000116, -10.000168, -10.000220, -4.999959, -5.000011, -5.000063, -5.000116, -5.000168, -5.000220, 0.000041, -0.000011, -0.000063, -0.000116, -0.000168, -0.000220, 5.000041, 4.999989, 4.999937, 4.999884, 4.999832, 4.999780, 10.000041, 9.999989, 9.999936, 9.999884, 9.999832, 9.999780, 15.000041, 14.999989, 14.999936, 14.999884, 14.999832, 14.999780, 20.000041, 19.999989, 19.999936, 19.999884, 19.999832, 19.999780
-10.000104, -5.000104, -0.000104, 4.999896, 9.999896, 14.999896, -10.000118, -5.000118, -0.000118, 4.999882, 9.999882, 14.999882, -10.000132, -5.000132, -0.000132, 4.999868, 9.999868, 14.999868, -10.000146, -5.000146, -0.000146, 4.999854, 9.999854, 14.999854, -10.000159, -5.000159, -0.000159, 4.999841, 9.999841, 14.999841, -10.000173, -5.000173, -0.000173, 4.999827, 9.999827, 14.999827, -10.000187, -5.000187, -0.000187, 4.999813, 9.999813, 14.999813, -10.000201, -5.000201, -0.000201, 4.999799, 9.999799, 14.999799, -10.000215, -5.000215, -0.000215, 4.999785, 9.999785, 14.999785, -9.999898, -4.999898, 0.000102, 5.000102, 10.000102, 15.000102, -9.999912, -4.999912, 0.000088, 5.000088, 10.000088, 15.000088, -9.999925, -4.999925, 0.000075, 5.000075, 10.000075, 15.000075, -9.999939, -4.999939, 0.000061, 5.000061, 10.000061, 15.000061, -9.999952, -4.999952, 0.000048, 5.000048, 10.000048, 15.000048, -9.999966, -4.999966, 0.000034, 5.000034, 10.000034, 15.000034, -9.999980, -4.999980, 0.000020, 5.000020, 10.000020, 15.000020, -9.999993, -4.999993, 0.000007, 5.000007, 10.000007, 15.000007, -10.000007, -5.000007, -0.000007, 4.999993, 9.999993, 14.999993, -9.999755, -4.999755, 0.000245, 5.000245, 10.000245, 15.000245, -9.999772, -4.999772, 0.000228, 5.000228, 10.000228, 15.000228, -9.999788, -4.999788, 0.000212, 5.000212, 10.000212, 15.000212, -9.999805, -4.999805, 0.000195, 5.000195, 10.000195, 15.000195, -9.999821, -4.999821, 0.000179, 5.000179, 10.000179, 15.000179, -9.999838, -4.999838, 0.000162, 5.000162, 10.000162, 15.000162, -9.999854, -4.999854, 0.000146, 5.000146, 10.000146, 15.000146, -9.999871, -4.999871, 0.000129, 5.000129, 10.000129, 15.000129, -9.999888, -4.999888, 0.000112, 5.000112, 10.000112, 15.000112, -10.000190, -5.000190, -0.000190, 4.999810, 9.999810, 14.999810, -10.000174, -5.000174, -0.000174, 4.999826, 9.999826, 14.999826, -10.000158, -5.000158, -0.000158, 4.999842, 9.999842, 14.999842, -10.000142, -5.000142, -0.000142, 4.999858, 9.999858, 14.999858, -10.000125, -5.000125, -0.000125, 4.999875, 9.999875, 14.999875, -10.000109, -5.000109, -0.000109, 4.999891, 9.999891, 14.999891, -10.000093, -5.000093, -0.000093, 4.999907, 9.999907, 14.999907, -10.000077, -5.000077, -0.000077, 4.999923, 9.999923, 14.999923, -10.000061, -5.000061, -0.000061, 4.999939, 9.999939, 14.999939, -9.999994, -4.999994, 0.000006, 5.000006, 10.000006, 15.000006, -9.999985, -4.999985, 0.000015, 5.000015, 10.000015, 15.000015, -9.999975, -4.999975, 0.000025, 5.000025, 10.000025, 15.000025, -9.999966, -4.999966, 0.000034, 5.000034, 10.000034, 15.000034, -9.999956, -4.999956, 0.000044, 5.000044, 10.000044, 15.000044, -9.999947, -4.999947, 0.000053, 5.000053, 10.000053, 15.000053, -9.999937, -4.999937, 0.000063, 5.000063, 10.000063, 15.000063, -9.999927, -4.999927, 0.000073, 5.000073, 10.000073, 15.000073, -9.999918, -4.999918, 0.000082, 5.000082, 10.000082, 15.000082, -10.000147, -5.000147, -0.000147, 4.999853, 9.999853, 14.999853, -10.000117, -5.000117, -0.000117, 4.999883, 9.999883, 14.999883, -10.000088, -5.000088, -0.000088, 4.999912, 9.999912, 14.999912, -10.000058, -5.000058, -0.000058, 4.999942, 9.999942, 14.999942, -10.000029, -5.000029, -0.000029, 4.999971, 9.999971, 14.999971, -9.999999, -4.999999, 0.000001, 5.000001, 10.000001, 15.000001, -9.999970, -4.999970, 0.000030, 5.000030, 10.000030, 15.000030, -9.999940, -4.999940, 0.000060, 5.000060, 10.000060, 15.000060, -9.999911, -4.999911, 0.000089, 5.000089, 10.000089, 15.000089, -9.999936, -4.999936, 0.000064, 5.000064, 10.000064, 15.000064, -9.999948, -4.999948, 0.000052, 5.000052, 10.000052, 15.000052, -9.999960, -4.999960, 0.000040, 5.000040, 10.000040, 15.000040, -9.999972, -4.999972, 0.000028, 5.000028, 10.000028, 15.000028, -9.999983, -4.999983, 0.000017, 5.000017, 10.000017, 15.000017, -9.999995, -4.999995, 0.000005, 5.000005, 10.000005, 15.000005, -10.000007, -5.000007, -0.000007, 4.999993, 9.999993, 14.999993, -10.000019, -5.000019, -0.000019, 4.999981, 9.999981, 14.999981, -10.000030, -5.000030, -0.000030, 4.999970, 9.999970, 14.999970, -9.999878, -4.999878, 0.000122, 5.000122, 10.000122, 15.000122, -9.999868, -4.999868, 0.000132, 5.000132, 10.000132, 15.000132, -9.999857, -4.999857, 0.000143, 5.000143, 10.000143, 15.000143, -9.999847, -4.999847, 0.000153, 5.000153, 10.000153, 15.000153, -9.999836, -4.999836, 0.000164, 5.000164, 10.000164, 15.000164, -9.999826, -4.999826, 0.000174, 5.000174, 10.000174, 15.000174, -9.999815, -4.999815, 0.000185, 5.000185, 10.000185, 15.000184, -9.999805, -4.999805, 0.000195, 5.000195, 10.000195, 15.000195, -9.999794, -4.999794, 0.000205, 5.000205, 10.000205, 15.000205, -10.000084, -5.000084, -0.000084, 4.999916, 9.999916, 14.999916, -10.000029, -5.000029, -0.000029, 4.999971, 9.999971, 14.999971, -9.999974, -4.999974, 0.000026, 5.000026, 10.000025, 15.000025, -9.999919, -4.999920, 0.000080, 5.000080, 10.000080, 15.000080, -9.999865, -4.999865, 0.000135, 5.000135, 10.000135, 15.000135, -9.999810, -4.999810, 0.000190, 5.000190, 10.000190, 15.000190, -9.999755, -4.999755, 0.000245, 5.000245, 10.000245, 15.000245, -9.999700, -4.999700, 0.000300, 5.000300, 10.000300, 15.000300, -9.999645, -4.999645, 0.000355, 5.000355, 10.000355, 15.000355, -10.000266, -5.000266, -0.000267, 4.999733, 9.999733, 14.999733, -10.000243, -5.000243, -0.000243, 4.999757, 9.999756, 14.999756, -10.000220, -5.000220, -0.000220, 4.999780, 9.999780, 14.999780, -10.000197, -5.000197, -0.000197, 4.999803, 9.999803, 14.999803, -10.000174, -5.000174, -0.000174, 4.999826, 9.999826, 14.999826, -10.000150, -5.000151, -0.000151, 4.999849, 9.999849, 14.999849, -10.000127, -5.000127, -0.000127, 4.999872, 9.999872, 14.999872, -10.000104, -5.000104, -0.000104, 4.999896, 9.999896, 14.999895, -10.000081, -5.000081, -0.000081, 4.999919, 9.999919, 14.999919, -9.999825, -4.999825, 0.000175, 5.000175, 10.000175, 15.000175, -9.999842, -4.999842, 0.000158, 5.000158, 10.000158, 15.000158, -9.999860, -4.999860, 0.000140, 5.000140, 10.000140, 15.000140, -9.999878, -4.999878, 0.000122, 5.000122, 10.000122, 15.000122, -9.999896, -4.999896, 0.000104, 5.000104, 10.000104, 15.000104, -9.999913, -4.999913, 0.000087, 5.000087, 10.000087, 15.000087, -9.999931, -4.999931, 0.000069, 5.000069, 10.000069, 15.000069, -9.999949, -4.999949, 0.000051, 5.000051, 10.000051, 15.000051, -9.999966, -4.999966, 0.000034, 5.000034, 10.000033, 15.000033, -10.000091, -5.000091, -0.000091, 4.999909, 9.999909, 14.999909, -10.000102, -5.000102, -0.000102, 4.999898, 9.999898, 14.999898, -10.000113, -5.000113, -0.000113, 4.999887, 9.999887, 14.999887, -10.000124, -5.000124, -0.000124, 4.999876, 9.999876, 14.999876, -10.000135, -5.000135, -0.000135, 4.999865, 9.999865, 14.999865, -10.000146, -5.000146, -0.000146, 4.999854, 9.999854, 14.999854, -10.000157, -5.000157, -0.000157, 4.999843, 9.999843, 14.999843, -10.000169, -5.000169, -0.000169, 4.999831, 9.999831, 14.999831, -10.000180, -5.000180, -0.000180, 4.999820, 9.999820, 14.999820, -9.999988, -4.999988, 0.000012, 5.000012, 10.000012, 15.000012, -10.000001, -5.000001, -0.000001, 4.999999, 9.999999, 14.999999, -10.000014, -5.000014, -0.000014, 4.999986, 9.999986, 14.999986, -10.000027, -5.000027, -0.000027, 4.999973, 9.999973, 14.999973, -10.000040, -5.000040, -0.000040, 4.999960, 9.999960, 14.999960, -10.000053, -5.000053, -0.000053, 4.999947, 9.999947, 14.999947, -10.000066, -5.000066, -0.000066, 4.999934, 9.999934, 14.999934, -10.000078, -5.000078, -0.000079, 4.999921, 9.999921, 14.999921, -10.000091, -5.000091, -0.000091, 4.999909, 9.999908, 14.999908, -9.999629, -4.999629, 0.000371, 5.000371, 10.000371, 15.000371, -9.999695, -4.999695, 0.000305, 5.000305, 10.000305, 15.000305, -9.999761, -4.999761, 0.000239, 5.000239, 10.000239, 15.000239, -9.999827, -4.999827, 0.000173, 5.000172, 10.000172, 15.000172, -9.999894, -4.999894, 0.000106, 5.000106, 10.000106, 15.000106, -9.999960, -4.999960, 0.000040, 5.000040, 10.000040, 15.000040, -10.000026, -5.000026, -0.000026, 4.999974, 9.999974, 14.999974, -10.000092, -5.000092, -0.000092, 4.999907, 9.999907, 14.999907, -10.000159, -5.000159, -0.000159, 4.999841, 9.999841, 14.999841, -10.000015, -5.000015, -0.000015, 4.999985, 9.999985, 14.999985, -10.000017, -5.000017, -0.000017, 4.999983, 9.999983, 14.999983, -10.000019, -5.000019, -0.000019, 4.999981, 9.999981, 14.999981, -10.000021, -5.000021, -0.000021, 4.999979, 9.999979, 14.999979, -10.000023, -5.000023, -0.000023, 4.999977, 9.999977, 14.999977, -10.000025, -5.000025, -0.000025, 4.999975, 9.999975, 14.999975, -10.000027, -5.000027, -0.000027, 4.999973, 9.999973, 14.999973, -10.000029, -5.000029, -0.000029, 4.999971, 9.999971, 14.999971, -10.000031, -5.000031, -0.000031, 4.999969, 9.999969, 14.999969, -9.999656, -4.999656, 0.000344, 5.000344, 10.000344, 15.000344, -9.999709, -4.999709, 0.000291, 5.000291, 10.000291, 15.000291, -9.999761, -4.999761, 0.000239, 5.000239, 10.000239, 15.000239, -9.999814, -4.999814, 0.000186, 5.000186, 10.000186, 15.000186, -9.999867, -4.999867, 0.000133, 5.000133, 10.000133, 15.000133, -9.999920, -4.999920, 0.000080, 5.000080, 10.000080, 15.000080, -9.999973, -4.999973, 0.000027, 5.000027, 10.000027, 15.000027, -10.000025, -5.000025, -0.000025, 4.999975, 9.999975, 14.999975, -10.000078, -5.000078, -0.000078, 4.999922, 9.999922, 14.999922, -10.000150, -5.000150, -0.000150, 4.999850, 9.999850, 14.999850, -10.000166, -5.000166, -0.000166, 4.999834, 9.999834, 14.999834, -10.000181, -5.000181, -0.000181, 4.999819, 9.999819, 14.999818, -10.000197, -5.000197, -0.000197, 4.999803, 9.999803, 14.999803, -10.000212, -5.000213, -0.000213, 4.999787, 9.999787, 14.999787, -10.000228, -5.000228, -0.000228, 4.999772, 9.999772, 14.999772, -10.000244, -5.000244, -0.000244, 4.999756, 9.999756, 14.999756, -10.000259, -5.000259, -0.000259, 4.999741, 9.999741, 14.999741, -10.000275, -5.000275, -0.000275, 4.999725, 9.999725, 14.999725, -10.000268, -5.000268, -0.000268, 4.999732, 9.999732, 14.999732, -10.000245, -5.000245, -0.000245, 4.999755, 9.999755, 14.999755, -10.000223, -5.000223, -0.000223, 4.999777, 9.999777, 14.999777, -10.000200, -5.000200, -0.000200, 4.999800, 9.999800, 14.999800, -10.000178, -5.000178, -0.000178, 4.999822, 9.999822, 14.999822, -10.000155, -5.000155, -0.000155, 4.999845, 9.999845, 14.999845, -10.000132, -5.000132, -0.000132, 4.999868, 9.999867, 14.999867, -10.000110, -5.000110, -0.000110, 4.999890, 9.999890, 14.999890, -10.000087, -5.000087, -0.000087, 4.999913, 9.999913, 14.999913, -9.999806, -4.999806, 0.000194, 5.000194, 10.000194, 15.000194, -9.999829, -4.999829, 0.000170, 5.000170, 10.000170, 15.000170, -9.999853, -4.999853, 0.000147, 5.000147, 10.000147, 15.000147, -9.999876, -4.999876, 0.000124, 5.000124, 10.000124, 15.000124, -9.999900, -4.999900, 0.000100, 5.000100, 10.000100, 15.000100, -9.999923, -4.999923, 0.000077, 5.000077, 10.000077, 15.000077, -9.999946, -4.999946, 0.000054, 5.000054, 10.000054, 15.000054, -9.999970, -4.999970, 0.000030, 5.000030, 10.000030, 15.000030, -9.999993, -4.999993, 0.000007, 5.000007, 10.000007, 15.000007, -10.000210, -5.000210, -0.000210, 4.999790, 9.999790, 14.999790, -10.000190, -5.000190, -0.000190, 4.999810, 9.999810, 14.999810, -10.000171, -5.000171, -0.000171, 4.999829, 9.999829, 14.999829, -10.000151, -5.000151, -0.000151, 4.999849, 9.999849, 14.999849, -10.000131, -5.000131, -0.000131, 4.999869, 9.999868, 14.999868, -10.000112, -5.000112, -0.000112, 4.999888, 9.999888, 14.999888, -10.000092, -5.000092, -0.000092, 4.999908, 9.999908, 14.999908, -10.000073, -5.000073, -0.000073, 4.999927, 9.999927, 14.999927, -10.000053, -5.000053, -0.000053, 4.999947, 9.999947, 14.999947, -10.000081, -5.000081, -0.000081, 4.999919, 9.999919, 14.999919, -10.000029, -5.000029, -0.000029, 4.999971, 9.999971, 14.999971, -9.999976, -4.999976, 0.000024, 5.000024, 10.000024, 15.000024, -9.999924, -4.999924, 0.000076, 5.000076, 10.000076, 15.000076, -9.999872, -4.999872, 0.000128, 5.000128, 10.000128, 15.000128, -9.999819, -4.999819, 0.000181, 5.000181, 10.000181, 15.000181, -9.999767, -4.999767, 0.000233, 5.000233, 10.000233, 15.000233, -9.999715, -4.999715, 0.000285, 5.000285, 10.000285, 15.000285, -9.999663, -4.999663, 0.000337, 5.000337, 10.000337, 15.000337
-0.007069, -0.006929, -0.006788, -0.006648, -0.006508, -0.006368, -0.007282, -0.007142, -0.007002, -0.006862, -0.006722, -0.006582, -0.007496, -0.007356, -0.007216, -0.007075, -0.006935, -0.006795, -0.007710, -0.007569, -0.007429, -0.007289, -0.007149, -0.007009, -0.007923, -0.007783, -0.007643, -0.007503, -0.007362, -0.007222, -0.008137, -0.007997, -0.007856, -0.007716, -0.007576, -0.007436, -0.008350, -0.008210, -0.008070, -0.007930, -0.007790, -0.007649, -0.008564, -0.008424, -0.008284, -0.008143, -0.008003, -0.007863, -0.008777, -0.008637, -0.008497, -0.008357, -0.008217, -0.008077, 4.995396, 4.995249, 4.995101, 4.994954, 4.994806, 4.994659, 4.995012, 4.994864, 4.994717, 4.994569, 4.994422, 4.994274, 4.994627, 4.994480, 4.994332, 4.994185, 4.994037, 4.993890, 4.994243, 4.994095, 4.993948, 4.993800, 4.993653, 4.993505, 4.993858, 4.993711, 4.993563, 4.993416, 4.993268, 4.993121, 4.993474, 4.993326, 4.993179, 4.993031, 4.992884, 4.992736, 4.993089, 4.992942, 4.992794, 4.992647, 4.992499, 4.992352, 4.992705, 4.992557, 4.992410, 4.992262, 4.992115, 4.991967, 4.992320, 4.992173, 4.992025, 4.991878, 4.991730, 4.991582, 9.996902, 9.996820, 9.996738, 9.996655, 9.996573, 9.996491, 9.996581, 9.996499, 9.996417, 9.996335, 9.996252, 9.996170, 9.996261, 9.996178, 9.996096, 9.996014, 9.995931, 9.995849, 9.995940, 9.995858, 9.995775, 9.995693, 9.995611, 9.995528, 9.995619, 9.995537, 9.995454, 9.995372, 9.995290, 9.995208, 9.995298, 9.995216, 9.995134, 9.995051, 9.994969, 9.994887, 9.994977, 9.994895, 9.994813, 9.994731, 9.994648, 9.994566, 9.994657, 9.994574, 9.994492, 9.994410, 9.994328, 9.994245, 9.994336, 9.994254, 9.994171, 9.994089, 9.994007, 9.993925, 14.997137, 14.997292, 14.997446, 14.997601, 14.997756, 14.997910, 14.996375, 14.996529, 14.996684, 14.996838, 14.996993, 14.997148, 14.995612, 14.995766, 14.995921, 14.996076, 14.996230, 14.996385, 14.994849, 14.995004, 14.995158, 14.995313, 14.995468, 14.995622, 14.994086, 14.994241, 14.994396, 14.994550, 14.994705, 14.994860, 14.993324, 14.993478, 14.993633, 14.993788, 14.993942, 14.994097, 14.992561, 14.992716, 14.992870, 14.993025, 14.993180, 14.993334, 14.991798, 14.991953, 14.992108, 14.992262, 14.992417, 14.992571, 14.991036, 14.991190, 14.991345, 14.991500, 14.991654, 14.991809, 19.999451, 19.999522, 19.999594, 19.999666, 19.999737, 19.999809, 19.998758, 19.998830, 19.998901, 19.998973, 19.999045, 19.999116, 19.998066, 19.998137, 19.998209, 19.998280, 19.998352, 19.998424, 19.997373, 19.997445, 19.997516, 19.997588, 19.997660, 19.997731, 19.996681, 19.996752, 19.996824, 19.996895, 19.996967, 19.997039, 19.995988, 19.996060, 19.996131, 19.996203, 19.996275, 19.996346, 19.995295, 19.995367, 19.995439, 19.995510, 19.995582, 19.995654, 19.994603, 19.994675, 19.994746, 19.994818, 19.994889, 19.994961, 19.993910, 19.993982, 19.994054, 19.994125, 19.994197, 19.994269, 24.997411, 24.997648, 24.997886, 24.998123, 24.998361, 24.998598, 24.997516, 24.997753, 24.997991, 24.998228, 24.998466, 24.998703, 24.997621, 24.997858, 24.998096, 24.998333, 24.998571, 24.998808, 24.997725, 24.997963, 24.998200, 24.998438, 24.998675, 24.998913, 24.997830, 24.998068, 24.998305, 24.998543, 24.998780, 24.999018, 24.997935, 24.998173, 24.998410, 24.998648, 24.998885, 24.999122, 24.998040, 24.998277, 24.998515, 24.998752, 24.998990, 24.999227, 24.998145, 24.998382, 24.998620, 24.998857, 24.999095, 24.999332, 24.998250, 24.998487, 24.998725, 24.998962, 24.999200, 24.999437, 29.998928, 29.998621, 29.998314, 29.998007, 29.997700, 29.997393, 29.998819, 29.998512, 29.998205, 29.997898, 29.997591, 29.997284, 29.998710, 29.998403, 29.998096, 29.997789, 29.997482, 29.997175, 29.998601, 29.998294, 29.997987, 29.997680, 29.997373, 29.997066, 29.998491, 29.998184, 29.997877, 29.997570, 29.997263, 29.996956, 29.998382, 29.998075, 29.997768, 29.997461, 29.997154, 29.996847, 29.998273, 29.997966, 29.997659, 29.997352, 29.997045, 29.996738, 29.998164, 29.997857, 29.997550, 29.997243, 29.996936, 29.996629, 29.998054, 29.997747, 29.997440, 29.997133, 29.996826, 29.996519, 34.998061, 34.998606, 34.999152, 34.999697, 35.000243, 35.000788, 34.997844, 34.998389, 34.998935, 34.999480, 35.000026, 35.000571, 34.997627, 34.998173, 34.998718, 34.999263, 34.999809, 35.000354, 34.997410, 34.997956, 34.998501, 34.999047, 34.999592, 35.000137, 34.997193, 34.997739, 34.998284, 34.998830, 34.999375, 34.999920, 34.996977, 34.997522, 34.998067, 34.998613, 34.999158, 34.999704, 34.996760, 34.997305, 34.997850, 34.998396, 34.998941, 34.999487, 34.996543, 34.997088, 34.997634, 34.998179, 34.998724, 34.999270, 34.996326, 34.996871, 34.997417, 34.997962, 34.998507, 34.999053, 40.002193, 40.001683, 40.001173, 40.000663, 40.000152, 39.999642, 40.001590, 40.001080, 40.000569, 40.000059, 39.999549, 39.999038, 40.000986, 40.000476, 39.999966, 39.999455, 39.998945, 39.998435, 40.000383, 39.999873, 39.999362, 39.998852, 39.998342, 39.997831, 39.999779, 39.999269, 39.998759, 39.998248, 39.997738, 39.997228, 39.999176, 39.998665, 39.998155, 39.997645, 39.997135, 39.996624, 39.998572, 39.998062, 39.997552, 39.997041, 39.996531, 39.996021, 39.997969, 39.997458, 39.996948, 39.996438, 39.995927, 39.995417, 39.997365, 39.996855, 39.996345, 39.995834, 39.995324, 39.994814, 45.002045, 45.001133, 45.000221, 44.999308, 44.998396, 44.997484, 45.002285, 45.001373, 45.000460, 44.999548, 44.998636, 44.997724, 45.002525, 45.001613, 45.000700, 44.999788, 44.998876, 44.997963, 45.002765, 45.001852, 45.000940, 45.000028, 44.999116, 44.998203, 45.003005, 45.002092, 45.001180, 45.000268, 44.999355, 44.998443, 45.003244, 45.002332, 45.001420, 45.000508, 44.999595, 44.998683, 45.003484, 45.002572, 45.001660, 45.000747, 44.999835, 44.998923, 45.003724, 45.002812, 45.001900, 45.000987, 45.000075, 44.999163, 45.003964, 45.003052, 45.002140, 45.001227, 45.000315, 44.999403, 50.001196, 50.001498, 50.001800, 50.002102, 50.002404, 50.002706, 50.000805, 50.001107, 50.001409, 50.001711, 50.002013, 50.002315, 50.000415, 50.000717, 50.001019, 50.001321, 50.001623, 50.001925, 50.000024, 50.000326, 50.000628, 50.000930, 50.001232, 50.001534, 49.999634, 49.999936, 50.000238, 50.000540, 50.000842, 50.001144, 49.999243, 49.999545, 49.999847, 50.000149, 50.000451, 50.000753, 49.998852, 49.999154, 49.999456, 49.999758, 50.000060, 50.000362, 49.998462, 49.998764, 49.999066, 49.999368, 49.999670, 49.999972, 49.998071, 49.998373, 49.998675, 49.998977, 49.999279, 49.999581, 55.003733, 55.003431, 55.003129, 55.002827, 55.002525, 55.002223, 55.003155, 55.002853, 55.002551, 55.002249, 55.001947, 55.001645, 55.002576, 55.002274, 55.001972, 55.001670, 55.001368, 55.001066, 55.001998, 55.001695, 55.001393, 55.001091, 55.000789, 55.000487, 55.001419, 55.001117, 55.000815, 55.000513, 55.000211, 54.999909, 55.000840, 55.000538, 55.000236, 54.999934, 54.999632, 54.999330, 55.000262, 54.999960, 54.999658, 54.999356, 54.999054, 54.998752, 54.999683, 54.999381, 54.999079, 54.998777, 54.998475, 54.998173, 54.999104, 54.998802, 54.998500, 54.998198, 54.997896, 54.997594, 60.004172, 60.003604, 60.003036, 60.002468, 60.001900, 60.001332, 60.003766, 60.003198, 60.002630, 60.002062, 60.001494, 60.000926, 60.003359, 60.002792, 60.002224, 60.001656, 60.001088, 60.000520, 60.002953, 60.002385, 60.001817, 60.001250, 60.000682, 60.000114, 60.002547, 60.001979, 60.001411, 60.000843, 60.000276, 59.999708, 60.002141, 60.001573, 60.001005, 60.000437, 59.999869, 59.999301, 60.001735, 60.001167, 60.000599, 60.000031, 59.999463, 59.998895, 60.001328, 60.000760, 60.000193, 59.999625, 59.999057, 59.998489, 60.000922, 60.000354, 59.999786, 59.999219, 59.998651, 59.998083, 65.001545, 65.002198, 65.002850, 65.003503, 65.004155, 65.004808, 65.001258, 65.001911, 65.002563, 65.003216, 65.003868, 65.004521, 65.000971, 65.001624, 65.002276, 65.002929, 65.003581, 65.004234, 65.000684, 65.001337, 65.001989, 65.002642, 65.003294, 65.003947, 65.000397, 65.001050, 65.001702, 65.002355, 65.003007, 65.003660, 65.000110, 65.000763, 65.001415, 65.002068, 65.002720, 65.003373, 64.999823, 65.000476, 65.001128, 65.001781, 65.002433, 65.003086, 64.999536, 65.000189, 65.000841, 65.001494, 65.002146, 65.002799, 64.999249, 64.999902, 65.000554, 65.001207, 65.001860, 65.002512, 70.007147, 70.006929, 70.006711, 70.006494, 70.006276, 70.006058, 70.006232, 70.006014, 70.005797, 70.005579, 70.005361, 70.005143, 70.005317, 70.005100, 70.004882, 70.004664, 70.004446, 70.004228, 70.004403, 70.004185, 70.003967, 70.003749, 70.003531, 70.003313, 70.003488, 70.003270, 70.003052, 70.002834, 70.002616, 70.002399, 70.002573, 70.002355, 70.002137, 70.001919, 70.001702, 70.001484, 70.001658, 70.001440, 70.001222, 70.001005, 70.000787, 70.000569, 70.000743, 70.000526, 70.000308, 70.000090, 69.999872, 69.999654, 69.999829, 69.999611, 69.999393, 69.999175, 69.998957, 69.998739, 75.007123, 75.007246, 75.007369, 75.007492, 75.007615, 75.007738, 75.006755, 75.006878, 75.007001, 75.007125, 75.007248, 75.007371, 75.006388, 75.006511, 75.006634, 75.006757, 75.006880, 75.007004, 75.006021, 75.006144, 75.006267, 75.006390, 75.006513, 75.006636, 75.005653, 75.005776, 75.005900, 75.006023, 75.006146, 75.006269, 75.005286, 75.005409, 75.005532, 75.005655, 75.005779, 75.005902, 75.004919, 75.005042, 75.005165, 75.005288, 75.005411, 75.005534, 75.004552, 75.004675, 75.004798, 75.004921, 75.005044, 75.005167, 75.004184, 75.004307, 75.004430, 75.004554, 75.004677, 75.004800, 80.007146, 80.006692, 80.006238, 80.005784, 80.005329, 80.004875, 80.006596, 80.006141, 80.005687, 80.005233, 80.004779, 80.004325, 80.006045, 80.005591, 80.005137, 80.004682, 80.004228, 80.003774, 80.005495, 80.005040, 80.004586, 80.004132, 80.003678, 80.003223, 80.004944, 80.004490, 80.004036, 80.003581, 80.003127, 80.002673, 80.004393, 80.003939, 80.003485, 80.003031, 80.002576, 80.002122, 80.003843, 80.003389, 80.002934, 80.002480, 80.002026, 80.001572, 80.003292, 80.002838, 80.002384, 80.001930, 80.001475, 80.001021, 80.002742, 80.002287, 80.001833, 80.001379, 80.000925, 80.000471, 85.007280, 85.007023, 85.006767, 85.006511, 85.006254, 85.005998, 85.006990, 85.006733, 85.006477, 85.006221, 85.005964, 85.005708, 85.006700, 85.006443, 85.006187, 85.005930, 85.005674, 85.005418, 85.006410, 85.006153, 85.005897, 85.005640, 85.005384, 85.005128, 85.006119, 85.005863, 85.005607, 85.005350, 85.005094, 85.004837, 85.005829, 85.005573, 85.005317, 85.005060, 85.004804, 85.004547, 85.005539, 85.005283, 85.005026, 85.004770, 85.004514, 85.004257, 85.005249, 85.004993, 85.004736, 85.004480, 85.004224, 85.003967, 85.004959, 85.004703, 85.004446, 85.004190, 85.003933, 85.003677, 90.008114, 90.007405, 90.006696, 90.005987, 90.005279, 90.004570, 90.008152, 90.007443, 90.006734, 90.006026, 90.005317, 90.004608, 90.008190, 90.007481, 90.006773, 90.006064, 90.005355, 90.004646, 90.008228, 90.007520, 90.006811, 90.006102, 90.005393, 90.004684, 90.008267, 90.007558, 90.006849, 90.006140, 90.005431, 90.004723, 90.008305, 90.007596, 90.006887, 90.006178, 90.005470, 90.004761, 90.008343, 90.007634, 90.006925, 90.006217, 90.005508, 90.004799, 90.008381, 90.007672, 90.006964, 90.006255, 90.005546, 90.004837, 90.008419, 90.007711, 90.007002, 90.006293, 90.005584, 90.004875, 95.009656, 95.010352, 95.011048, 95.011743, 95.012439, 95.013134, 95.009065, 95.009760, 95.010456, 95.011152, 95.011847, 95.012543, 95.008473, 95.009169, 95.009864, 95.010560, 95.011256, 95.011951, 95.007882, 95.008577, 95.009273, 95.009968, 95.010664, 95.011360, 95.007290, 95.007985, 95.008681, 95.009377, 95.010072, 95.010768, 95.006698, 95.007394, 95.008089, 95.008785, 95.009481, 95.010176, 95.006107, 95.006802, 95.007498, 95.008193, 95.008889, 95.009585, 95.005515, 95.006211, 95.006906, 95.007602, 95.008297, 95.008993, 95.004923, 95.005619, 95.006315, 95.007010, 95.007706, 95.008401, 100.007249, 100.007325, 100.007400, 100.007476, 100.007551, 100.007627, 100.006611, 100.006687, 100.006762, 100.006837, 100.006913, 100.006988, 100.005973, 100.006048, 100.006124, 100.006199, 100.006275, 100.006350, 100.005335, 100.005410, 100.005486, 100.005561, 100.005636, 100.005712, 100.004697, 100.004772, 100.004847, 100.004923, 100.004998, 100.005074, 100.004058, 100.004134, 100.004209, 100.004285, 100.004360, 100.004435, 100.003420, 100.003495, 100.003571, 100.003646, 100.003722, 100.003797, 100.002782, 100.002857, 100.002933, 100.003008, 100.003083, 100.003159, 100.002144, 100.002219, 100.002294, 100.002370, 100.002445, 100.002521


Plane Parameters
0.000043, 0.000077, 0.000064, 0.000153, 0.000139, -0.000021, 0.000022, 0.000043, 0.000121, -0.000048, 0.000078, 0.000116, 0.000081, 0.000057, 0.000183, 0.000073, 0.000110, 0.000058, -0.000008, 0.000118, 0.000128
0.000028, -0.000030, -0.000016, 0.000031, 0.000014, 0.000047, -0.000061, 0.000109, -0.000102, -0.000182, 0.000060, -0.000060, -0.000114, 0.000131, -0.000044, 0.000025, -0.000091, -0.000051, -0.000142, 0.000139, 0.000015
-0.000003, -0.000003, -0.000003, 0.000003, 0.000002, 0.000006, -0.000002, 0.000002, 0.000011, 0.000005, -0.000004, -0.000002, -0.000003, -0.000013, -0.000000, -0.000011, -0.000003, 0.000005, -0.000005, 0.000004, 0.000010
0.000108, 0.000053, -0.000014, -0.000155, -0.000019, 0.000070, -0.000021, -0.000122, -0.000068, 0.000204, -0.000122, 0.000149, -0.000061, -0.000027, -0.000033, 0.000026, -0.000076, -0.000034, -0.000106, 0.000023, -0.000063
-0.000159, 0.000048, 0.000179, -0.000125, 0.000044, -0.000029, 0.000017, 0.000164, 0.000135, -0.000174, 0.000104, -0.000135, -0.000040, 0.000106, -0.000023, 0.000133, -0.000213, -0.000178, 0.000100, -0.000131, 0.000128
-0.007643, 4.993563, 9.995454, 14.994396, 19.996824, 24.998305, 29.997877, 34.998284, 39.998759, 45.001180, 50.000238, 55.000815, 60.001411, 65.001702, 70.003052, 75.005900, 80.004036, 85.005607, 90.006849, 95.008681, 100.004847
