---Dummy Timestamp---
0.093339
1280	800	9.533433
9
cam1
9320.341130	103.494234	-631.518218	677623.936559	
-150.314566	9261.909135	-1105.951994	445954.740672	
0.133117	0.162100	0.977754	959.713198	
-134.349369	-162.141153	-936.376286	
cam2
9321.506941	95.093769	633.404513	615845.526087	
-0.049140	9277.663211	-987.978282	454725.857723	
-0.000054	0.148425	0.988924	961.443440	
-0.004066	-150.144096	-949.677248	
cam3
9116.718845	98.571080	2054.834087	531962.643109	
158.006872	9275.173152	-1021.380790	431864.291677	
-0.151551	0.153240	0.976499	942.082612	
150.156716	-150.196292	-917.881503	
cam4
9282.042982	-0.117476	-1033.132499	684201.809946	
71.561265	9317.384939	394.083202	376257.425011	
0.178468	-0.000057	0.983946	938.346101	
-176.299394	-0.045391	-921.679205	
cam5
9323.256251	-0.025028	640.493894	608461.172949	
-0.031787	9323.267905	400.518564	380903.556856	
-0.000053	-0.000056	1.000000	949.925594	
-0.004250	-0.047271	-949.925600	
cam6
9064.421188	0.061718	2278.626914	516684.750733	
-70.915950	9324.475789	394.200799	375045.995475	
-0.176815	-0.000057	0.984244	935.315040	
174.024384	-0.045526	-919.024985	
cam7
9292.129904	-99.199022	-979.090732	677330.512092	
316.521571	9146.876519	1815.764660	323414.579417	
0.169758	-0.155329	0.973168	932.386357	
-166.655869	150.076180	-905.069214	
cam8
9320.922742	-97.702114	633.002900	598939.978392	
-0.013083	9150.882839	1817.025703	303890.728104	
-0.000053	-0.152528	0.988299	935.082876	
-0.002221	150.063419	-922.993817	
cam9
9139.718328	-98.294568	1954.568319	537184.465371	
-259.354533	9153.844838	1804.081530	321461.045665	
-0.140800	-0.153067	0.978134	942.330691	
139.546643	150.117943	-919.817270	
1
-52.210000	2.210000	1.000000	1.000000	1.300000
