Pinhole Calibration performed: Tue Aug 13 16:14:22 2013

5.08648
0.000697734
9
cam1
9404.96	216.612	905.953	1.20858e+06
-186.855	9439.3	26.5657	916821
-0.0285893	0.0476872	0.998453	2243.77
9346.99	96.1839	-770.848	1.20858e+06
-139.582	9323.66	-913.039	916821
0.14716	0.148849	0.96282	2243.77
cam2
9166.74	68.054	2299.37	1.16429e+06
-46.3663	9440.98	40.8387	936844
-0.1765	0.0459341	0.983228	2222.75
9357.76	96.011	629.169	1.16429e+06
0.163948	9323.64	-923.68	936844
-3.58821e-06	0.148869	0.97383	2222.75
cam3
8721.1	-79.8964	3641.02	1.15882e+06
90.335	9440.44	76.3	908827
-0.320497	0.0464771	0.946109	2252.43
9156.83	95.8117	2014.98	1.15882e+06
139.913	9323.66	-913.008	908827
-0.14717	0.148851	0.962817	2252.43
cam4
9406.95	119.66	903.25	1.19388e+06
-223.976	9327.78	1441.62	906470
-0.0255031	-0.102624	0.994393	2220.98
9348.07	0.171646	-763.826	1.19388e+06
71.5718	9357.77	469.353	906470
0.148854	8.16286e-06	0.973833	2220.98
cam5
9167.77	-28.858	2296.11	1.14767e+06
-295.895	9326.91	1434.26	894905
-0.17506	-0.104424	0.979004	2196.94
9357.8	0.00320501	635.814	1.14767e+06
0.0242202	9357.76	474.75	894905
5.29673e-05	2.53205e-06	0.984974	2196.94
cam6
8720.89	-176.835	3638.08	1.14421e+06
-365.946	9327.19	1416.16	910708
-0.320773	-0.10385	0.941446	2229.78
9155.73	-0.161398	2022.16	1.14421e+06
-71.5762	9357.77	469.349	910708
-0.148866	8.41712e-06	0.97383	2229.78
cam7
9409.3	24.1499	886.206	1.21186e+06
-256.016	9005.23	2824.21	924165
-0.021856	-0.250629	0.967837	2248.87
9347	-95.8779	-770.844	1.21186e+06
281.146	9180.17	1841.26	924165
0.147164	-0.148848	0.962819	2248.87
cam8
9171.09	-124.364	2279.61	1.16752e+06
-538.8	9001.76	2795.33	883873
-0.169768	-0.25243	0.952606	2227.78
9357.76	-96.0092	629.156	1.16752e+06
-0.170339	9180.12	1862.54	883873
-2.26979e-06	-0.148875	0.973829	2227.78
cam9
8725.43	-272.228	3621.27	1.16213e+06
-814.007	9002.91	2724.12	940528
-0.313772	-0.251843	0.91549	2257.57
9156.83	-96.1208	2014.98	1.16213e+06
-281.48	9180.17	1841.23	940528
-0.147174	-0.148849	0.962816	2257.57
1292	964	9.2848	2.24992