Pinhole Calibration performed: Fri Aug  7 13:55:05 2015
0.0326395
1292	964	9.44836
9
cam1
9322.85	144.467	1629.09	713020
-216.81	9434.2	595.261	484240
-0.104262	-0.0140513	0.994451	1003.61
13.9378	-998.758	4.94066e-324	
cam2
8981.09	-89.4173	2987.04	697628
-77.7	9434.75	620.29	495167
-0.250195	-0.0146197	0.968085	990.33
12.6426	-960.287	4.94066e-324	
cam3
8437.2	-319.16	4278.1	695818
56.1287	9431.81	665.729	485204
-0.390605	-0.0115428	0.920486	1000.15
11.3867	-922.682	4.94066e-324	
cam4
9325.35	47.0464	1620.52	705344
-359.438	9236.15	1992.4	488471
-0.10045	-0.163434	0.981427	991.716
160.877	-974.191	4.94066e-324	
cam5
8982.65	-185.931	2977.9	689273
-430.442	9235.86	1979.62	481565
-0.248002	-0.164017	0.954774	977.361
159.262	-934.87	4.94066e-324	
cam6
8437.52	-414.898	4269.25	688581
-498.769	9237.38	1956.39	487129
-0.390082	-0.160895	0.906614	988.919
158.192	-898.801	4.94066e-324	
cam7
9329.29	-47.992	1597.62	712165
-494	8830.24	3344.87	503256
-0.0944	-0.309157	0.946314	1002.29
307.726	-949.85	4.94066e-324	
cam8
8987.47	-280.228	2955.88	697231
-773.58	8829.12	3294.47	479889
-0.24034	-0.309732	0.919947	989.72
306.313	-912.114	4.94066e-324	
cam9
8443.52	-508.266	4247.23	695868
-1042.48	8835.1	3203.08	499642
-0.380757	-0.306635	0.872353	1000.22
305.109	-875.148	4.94066e-324	
0
