13.868628	23.173302	-992.654817
-7.598486	4.245946	-957.289840
18.218171	6.477477	-991.538955
-14.732003	-16.501000	-961.699562
0.581625	-15.300841	-962.804636
-13.613892	-19.463295	-961.954242
-0.221796	16.821318	-987.238621
-14.580905	5.525668	-954.954658
12.377637	20.117932	-972.594904
-23.666175	-19.865539	-997.829718
-9.563985	-18.178624	-990.123912
15.917481	24.042485	-993.273363
-8.467741	1.918703	-981.458437
15.402358	-12.571665	-954.352057
-18.763295	5.547844	-981.695198
5.315919	-4.856025	-972.331513
-6.642760	-15.977012	-971.424775
-10.657745	-21.260243	-953.300453
17.660673	9.640948	-994.860436
23.078124	-10.855097	-982.083797
-1.750977	-7.823789	-989.938805
-14.876227	-5.106970	-963.775851
-13.396591	10.915361	-967.755545
-18.548827	-20.324860	-965.701546
-22.259768	-23.769137	-979.938176
5.341314	-11.832996	-963.847198
4.701660	-2.065961	-965.633957
18.849416	6.957403	-970.048416
17.276463	12.710988	-971.226805
5.816673	-18.960009	-983.079783
-7.336886	20.405988	-976.520368
-21.868838	8.019506	-992.749618
-1.066869	-8.295294	-979.018528
10.274610	14.218764	-963.177217
-24.103575	-17.457891	-966.393174
-22.226031	-4.840297	-982.924461
-3.212015	16.151339	-967.245246
-14.295673	1.216911	-985.364212
-8.606062	-14.810530	-976.917622
4.317256	-23.355902	-966.521539
14.046482	4.332655	-992.449741
14.772406	-18.483150	-985.182621
-5.914352	4.909075	-962.848110
0.219460	-22.692942	-987.897176
24.944625	-3.452373	-957.425832
-15.954456	23.280942	-954.792153
-11.251695	0.444888	-968.113176
22.355972	-9.834598	-967.910716
7.790607	-22.606035	-982.769148
6.346604	-1.115982	-996.576687
-13.708326	14.691862	-998.769720
-1.787665	-5.628770	-963.820624
-16.582216	3.651146	-956.697339
4.869963	12.197241	-952.339079
9.189484	18.906986	-979.210406
16.099831	-8.645476	-964.672822
-2.758757	-21.217668	-981.266147
22.359547	-8.891183	-994.628338
-1.668656	5.997232	-951.484083
22.113923	9.720320	-956.136171
-24.336343	19.312699	-987.184821
19.414741	-7.396305	-974.308978
11.672904	-13.077435	-971.078593
6.746479	-5.613160	-954.407949
-17.946741	-9.481696	-994.904871
-16.365189	-9.227419	-998.056728
4.002341	-11.830583	-957.920269
8.110183	18.247304	-989.974289
-14.974883	10.632203	-964.153419
22.635248	-3.116671	-970.474963
5.918695	11.537503	-971.059498
15.656349	3.451583	-959.891532
-2.166799	19.893608	-988.832551
-8.620802	-5.557864	-956.652451
14.699672	-24.354098	-952.382680
-9.579886	-20.932022	-989.449735
5.553840	4.427641	-973.739440
5.246091	-8.376176	-965.863848
-7.359608	9.600223	-971.283318
-20.718948	-3.606830	-958.200263
-9.604739	-3.138351	-960.402774
7.821456	3.408268	-996.338944
17.672833	22.062376	-998.399279
-1.516174	-16.451882	-994.225923
-14.826985	-21.542712	-953.516076
-11.584096	-11.735168	-980.181782
20.321378	3.386170	-963.538538
-1.001263	11.594894	-950.081986
3.890251	-16.255178	-984.973339
-21.208265	6.326656	-984.839055
4.099269	10.139648	-989.350539
8.601284	-9.655234	-976.250484
9.292205	-5.464351	-950.349779
-2.788023	1.674112	-985.160548
10.519871	12.388902	-988.318001
-21.613801	10.725923	-951.235254
-7.559203	1.694246	-964.894751
12.702121	16.052630	-973.675903
24.829663	7.629596	-951.482073
-11.652508	12.530051	-955.114256
-19.836931	-8.409809	-996.009452
-14.629321	16.217386	-968.043763
-20.964180	8.623362	-982.451368
-2.001125	-19.960964	-973.372933
7.480592	-19.334355	-972.471834
17.514404	-18.933457	-990.784496
-17.952834	22.363216	-983.052660
-4.496950	-13.846668	-961.205319
-5.489070	-15.281489	-982.232598
11.818691	15.895827	-977.183746
-7.081454	17.690147	-982.610813
-24.723712	8.084229	-966.379210
-21.184750	13.977355	-959.890307
12.902235	-19.400456	-962.303531
15.078675	9.811197	-953.406160
-10.509892	16.694162	-987.576138
22.562955	22.419316	-951.095666
-14.841042	22.083278	-983.015765
11.161209	-11.111876	-964.687747
11.356290	16.956212	-980.846721
13.538330	-22.751848	-959.584708
5.115128	11.460798	-990.263234
14.462551	5.190800	-973.222093
11.844600	13.145082	-993.439834
21.151769	0.693703	-964.667474
-17.587767	23.957518	-957.309635
6.319094	-7.971087	-956.721867
-22.066701	-12.081883	-975.279752
16.546270	-4.936957	-959.453809
2.454547	-2.957746	-998.063192
23.466046	-20.897416	-956.179513
13.971408	18.919710	-980.408531
23.941435	14.528081	-995.259345
6.490157	15.171105	-960.971561
11.208945	5.627601	-994.460996
7.638537	-0.454186	-953.991971
-12.481365	-9.860580	-950.836579
19.703127	21.522071	-969.620640
9.272318	6.545389	-956.811742
-24.769476	16.513681	-962.539619
-10.126497	-16.727728	-972.762275
18.958975	1.171139	-975.830645
15.495361	-14.964110	-979.810183
-22.243579	-7.047927	-955.305419
-5.956879	-10.512281	-991.256085
14.186242	10.444086	-965.537611
-23.811319	21.977145	-956.651098
-4.396470	-15.495786	-963.627585
-4.004193	20.163024	-971.399516
-13.009625	2.064024	-971.605680
13.992716	-5.643724	-971.275225
-12.627451	1.369495	-962.369774
17.526225	-7.667532	-988.832658
-24.850873	-20.944105	-957.128745
18.860134	-12.350802	-954.991483
-10.197469	-6.290366	-994.296315
-3.372405	-24.114712	-971.428049
-22.324473	-2.457980	-982.847980
-14.778487	19.473278	-998.356428
21.040698	-22.701238	-961.279699
-10.017873	10.313949	-976.455182
-12.743991	-17.941970	-998.486423
5.649860	2.307639	-954.714465
24.503924	16.309553	-983.833940
-7.127216	-20.698058	-954.584082
-13.325532	7.429308	-955.945818
17.608988	-23.996603	-969.053697
-0.148290	16.388879	-951.737146
-15.597707	16.192223	-980.585341
-17.162320	-4.104862	-971.122870
23.507553	23.060230	-969.434941
-7.092582	-21.271526	-976.770130
-19.553790	0.638547	-961.441800
-19.581328	9.249643	-956.322142
-11.943551	-6.342050	-973.801290
-9.563937	16.964214	-991.963854
9.552770	-1.293437	-973.447505
23.287443	-0.411215	-995.587222
21.972779	-3.905633	-961.375535
3.642539	-17.489249	-990.591852
-10.067311	22.145507	-994.662858
-9.894079	-7.338398	-984.532377
-8.468637	20.340909	-989.137730
11.550990	16.850760	-953.166842
1.648645	23.622347	-987.808404
5.767122	-22.326101	-998.742635
11.928882	12.119208	-963.861793
14.298669	-2.561644	-984.382965
-20.337909	16.530628	-980.199193
-15.173206	-20.705413	-966.236927
-3.837169	-5.233563	-984.407750
-6.166823	-12.585600	-971.770090
19.121885	20.357025	-992.431037
21.057043	-12.627447	-976.726740
11.373886	-18.330296	-956.527642
10.011080	-8.745537	-975.672891
1.253540	2.578345	-961.633735
-2.865721	20.005510	-984.093325
-7.644981	-16.449084	-974.462655
-15.483931	-10.519017	-953.726521
19.354472	-13.148475	-981.671054
-3.842186	19.402384	-983.270615
-0.174248	24.493928	-960.298814
21.727534	-7.272580	-985.103501
-11.170635	0.354932	-984.357377
11.839074	-8.840744	-988.272845
8.099796	22.897036	-987.564201
-5.807906	-21.302633	-950.460871
2.578240	9.758025	-985.116162
18.661153	-13.591550	-997.216702
-18.194346	-8.943164	-987.460837
-2.194726	6.971005	-952.899973
-12.000547	-5.407221	-950.916651
-20.895745	16.021029	-961.991198
-9.746705	-10.892293	-959.422112
-24.795456	-7.854172	-950.657300
-23.738850	-7.404413	-954.924441
13.736887	22.681228	-963.402424
7.587800	14.224170	-953.296765
22.854548	9.534519	-954.234088
19.774898	-15.848834	-979.350168
-13.916837	-2.677556	-969.865067
1.230068	-22.656571	-970.033177
16.672697	12.721416	-978.493878
-5.681964	4.634548	-984.071855
9.888950	-12.692688	-960.764112
6.025097	4.346004	-993.183400
-24.729433	-13.314944	-980.306235
22.854960	-12.466835	-964.582433
-8.821187	18.599908	-960.564367
16.934424	13.692252	-980.923453
-7.512920	1.958940	-985.746365
-0.205992	-3.250362	-978.322894
-1.698438	-24.188730	-955.408616
-22.882484	-20.613610	-971.986317
7.949939	-15.314595	-990.579356
-3.277659	-17.998488	-983.630953
18.855123	-14.541772	-968.678644
24.616243	-18.984876	-989.288864
-18.555281	-23.965995	-982.059903
-22.586448	-8.866231	-952.410130
-6.323863	-13.370244	-980.175484
10.471868	-7.862136	-978.603950
12.953195	13.786727	-987.970643
-10.896553	17.921698	-969.618730
13.552545	19.724355	-956.430879
-20.672980	-10.991351	-987.151290
20.933850	24.767165	-955.061902
-4.497374	2.790238	-961.436196
18.701585	-0.073104	-974.945681
-19.163505	21.748938	-990.628648
-9.709843	12.142610	-979.260904
19.459455	-16.390215	-959.389406
23.081291	10.315807	-957.398763
-3.245689	-3.992537	-983.007157
18.986675	-19.048249	-959.496247
-16.464926	15.472414	-963.157111
14.276012	8.282451	-952.445239
-8.603707	-18.226573	-966.429637
19.943032	23.718092	-987.769623
-19.946461	17.646341	-975.675315
18.394480	1.128256	-957.637762
-21.453122	-14.705050	-970.882944
9.941132	19.047236	-959.573745
23.828052	-15.369673	-986.520816
11.133892	14.383384	-961.888819
-14.854824	14.213184	-959.884241
6.358939	-11.567446	-985.367932
21.687316	11.688017	-972.692610
-10.724408	0.329016	-970.910889
3.383740	-22.537797	-999.463126
13.554824	21.605978	-993.936018
-12.671436	-10.250365	-999.369779
4.028939	18.353829	-980.248146
8.545031	-8.169725	-967.643098
9.068674	-7.169187	-966.929388
12.725925	-6.550533	-950.929054
17.577100	23.469578	-954.557204
19.679434	12.087953	-990.402283
19.085135	-0.057567	-964.930985
-17.140213	16.444230	-984.493961
-8.024573	-2.532667	-970.127827
14.926866	-11.221075	-995.837431
24.776948	24.548686	-990.249661
-12.119177	-9.943466	-983.047848
-0.999188	16.838875	-977.892138
6.329885	14.101984	-992.059223
2.161474	23.812221	-984.672462
-21.017593	-8.726000	-982.744954
-2.318645	4.870328	-963.589995
16.893620	10.169944	-951.771932
-10.733456	24.637789	-989.994854
10.768071	16.560152	-957.427162
-12.500562	-12.334943	-954.836916
19.146686	3.510445	-980.141688
-0.103707	-4.228355	-977.056001
-6.995392	-4.539146	-957.397213
22.263034	-10.976613	-980.556070
7.029900	11.312867	-970.222148
20.246010	-1.265586	-968.996035
9.203898	23.013130	-990.462021
14.012973	-4.384154	-993.388392
-2.935156	-4.250201	-999.197771
15.692974	14.622774	-983.854691
-3.321241	23.209931	-982.015188
-4.973001	-24.665249	-999.907268
-8.735561	14.488610	-970.546012
3.360184	-22.975540	-989.971723
-16.676563	-5.430395	-991.757738
0.050476	17.658063	-980.402307
12.048985	7.592402	-974.066448
19.935695	-22.297978	-968.432625
-19.966252	23.572711	-957.444770
6.189244	-19.790776	-972.126004
9.452422	-12.318772	-971.009118
-22.622344	-24.804621	-984.507860
-17.073928	-2.199665	-955.005375
-18.969549	21.053553	-976.685885
-14.780596	-16.910284	-956.809816
9.450407	-13.572243	-950.556529
0.064728	-0.246103	-973.656929
8.083937	-3.704561	-987.843325
-18.480044	11.221761	-975.812008
19.865268	18.802577	-983.573317
24.484159	13.380494	-968.797124
4.920693	-1.765116	-950.371255
4.127315	8.076419	-965.129712
4.245563	5.128866	-965.502518
-2.167004	10.738985	-950.058157
9.741803	0.856202	-953.404873
-17.585175	6.121984	-951.291699
-13.187109	5.586027	-962.724451
14.321010	13.084330	-951.984621
-14.446346	-1.709742	-995.212772
-12.003291	11.874879	-982.184948
16.305634	-14.626758	-971.892539
9.981141	-1.461381	-991.173027
-2.564444	21.283773	-954.245319
2.668162	12.354758	-979.383283
-2.618493	-23.558385	-970.503854
14.276577	-18.664964	-964.901092
-17.633312	19.673184	-978.574033
-13.785575	21.654920	-998.647217
-10.274023	23.544732	-980.372351
-5.798401	1.183938	-960.078304
20.682485	-1.095925	-969.448933
-20.729615	1.973778	-985.166112
-14.916102	-6.318982	-997.690787
16.071445	18.193648	-958.294650
18.034351	-22.891286	-968.610397
18.024053	8.846152	-970.752747
20.281488	-11.065452	-976.764525
-20.056105	15.428500	-994.945996
8.052851	-15.445950	-957.899156
0.052303	-20.279417	-984.078968
-21.191895	3.435108	-976.903569
-23.300374	20.127524	-955.713662
12.278428	-2.334304	-982.094941
-22.407398	-3.837194	-957.093766
0.002085	-6.974556	-952.647130
7.725752	-17.945702	-992.606699
20.656800	-14.957004	-965.695992
13.093693	-18.429037	-974.494058
-24.854432	3.022046	-951.747515
-11.305894	23.974845	-998.807779
-17.092628	7.881333	-994.216886
10.458123	-4.141449	-975.572691
-7.838746	-1.017716	-987.325946
-20.812469	-0.750214	-994.661668
11.471924	4.416816	-954.017116
-6.082388	8.800178	-991.143766
12.820001	-2.118448	-969.376873
-0.363896	-6.088919	-963.253483
13.936413	24.265680	-994.485424
-9.710401	-11.817795	-956.608216
21.373025	-12.401128	-979.070810
-10.203418	-15.292347	-982.861357
-7.647529	-0.991508	-982.741039
8.696323	4.558165	-985.771200
21.984236	-17.820533	-985.168624
22.060968	-15.463370	-953.277221
-4.829851	2.168401	-989.936589
-18.367828	17.145649	-962.157295
-5.414961	-22.124184	-991.718675
6.792455	12.735228	-999.495955
0.712021	9.379258	-960.590040
-10.376732	-18.954004	-980.253830
21.032066	0.065941	-971.891201
-4.507898	0.815008	-976.884929
-14.167934	0.818817	-961.077698
11.453381	2.817518	-961.813899
19.142745	6.046085	-993.328122
4.272762	-23.609690	-955.368220
-14.771255	-16.729673	-979.581303
11.536286	-16.274951	-999.998018
-18.978805	-6.786883	-994.532954
16.511433	6.346702	-984.862429
24.219858	-6.119236	-958.046094
8.506485	1.563119	-998.287295
-23.737925	15.471473	-966.334527
12.011771	9.207819	-956.153533
5.297210	12.010505	-996.126024
-19.524292	-24.098040	-979.437226
-10.638681	-17.169060	-993.591341
-23.162861	-3.231178	-950.367314
8.598986	-18.682387	-971.971219
-5.107379	-22.523249	-992.920514
4.209230	-22.070107	-974.864585
-9.474154	0.111735	-971.897626
-10.386817	-1.497943	-968.045240
-9.623149	0.551301	-989.728946
-15.169623	10.307965	-960.978141
1.694225	-15.348248	-953.167005
14.518968	-19.289704	-983.227537
-11.659838	1.837995	-979.274608
-0.053385	-2.639007	-977.137594
20.947710	19.418785	-988.580947
12.049485	17.282393	-983.692471
-8.901620	-6.049957	-957.677559
5.871788	-9.815276	-999.657088
15.163930	3.824644	-979.351369
10.098613	-18.407034	-990.505492
-10.113810	23.614156	-956.317838
12.807182	-4.115678	-956.965064
-6.084182	7.506287	-963.925975
-4.975062	-15.773044	-950.128209
-20.320805	20.409983	-981.872087
10.743301	-2.508062	-974.458362
-3.460318	-16.074179	-982.101353
-12.985830	-9.226600	-985.885016
24.397279	-16.942358	-978.493777
-22.777160	-2.886300	-977.892289
-0.621969	24.742311	-988.446602
2.940945	7.569601	-991.087637
-21.287841	-16.309974	-963.720489
-9.402908	-5.294054	-991.214199
-15.744605	-3.856036	-959.617526
-4.206574	-19.100294	-977.645663
15.356217	22.691192	-999.111660
5.242669	2.660669	-991.843225
4.643155	-21.005309	-985.816235
22.594586	20.991865	-988.052803
-23.710727	3.291264	-994.710509
19.418370	14.958117	-963.064060
12.252248	-1.608899	-956.423620
-6.934641	3.285004	-993.388200
-5.551217	6.084295	-951.178682
14.279678	-12.651456	-994.701132
-13.321404	-23.780039	-968.937352
3.103283	-22.714200	-992.388858
6.631225	22.004798	-997.322051
-15.402863	-19.112641	-990.315144
8.620035	-3.379538	-961.530355
-12.971562	-1.538337	-954.015031
17.012769	-9.175784	-953.950271
16.935353	-3.405530	-956.708346
-24.518942	-18.548119	-983.153182
17.411543	-2.963392	-953.768734
4.863824	-7.131971	-994.504211
8.375681	15.557683	-978.643757
-18.176653	-18.969101	-959.736306
2.448341	-6.058811	-954.941503
-18.711322	16.278513	-973.975168
10.322875	9.498378	-981.334600
15.033132	9.279524	-999.727682
22.006610	14.461714	-981.152588
-16.313861	-12.985990	-951.048822
-21.811374	-3.563231	-986.624678
2.159487	-17.530473	-951.181365
-16.919336	23.942112	-959.665904
1.705784	6.252725	-995.911551
5.685454	14.536831	-975.678813
-4.614911	9.102337	-957.566301
13.655790	-13.522831	-954.297683
23.537028	16.710986	-983.534243
23.502771	-14.095998	-972.520096
11.687458	20.952382	-995.526660
7.455940	16.062008	-979.574333
11.384028	8.954289	-974.910223
-10.878067	-19.836129	-985.439637
-20.888786	5.686945	-955.417577
11.504234	8.393819	-999.812080
-19.715146	-23.477306	-958.714265
-24.278180	20.913982	-978.108982
1.309954	-24.558341	-974.434724
24.106557	4.705746	-989.079904
15.918458	4.220663	-950.062125
20.663791	5.838368	-978.157233
-0.520809	-22.880882	-954.827240
8.844525	19.223149	-967.964153
21.857283	11.381495	-979.082832
-8.391693	-24.158804	-977.493879
11.443320	22.738253	-972.499841
0.036191	3.343253	-976.718156
1.676319	-18.994596	-990.382867
-23.839229	-4.498890	-989.421168
15.505207	6.549125	-988.710497
-19.046289	13.216664	-979.626129
1.271362	-17.081194	-987.503733
10.872738	14.084741	-977.246587
