-12.408424	-67.543586	60.409663
66.520885	-1.366336	-1.506556
-24.194783	59.644940	-19.322698
-58.101891	41.880891	-16.306890
-39.338998	-14.633652	-59.909041
-55.201616	66.304718	68.421646
11.215543	-65.648232	-39.092469
-22.356603	48.901783	-71.915828
-68.514692	-49.628507	22.390881
34.405596	21.936974	-7.331234
7.041874	-30.510890	36.701123
-46.169144	27.723520	-46.427652
-19.705250	18.821713	42.030930
-62.821650	64.398173	41.364222
-1.927857	-9.361902	-8.136013
-28.784020	1.264718	1.576543
47.592034	44.176331	21.672875
-18.130957	46.537797	4.967883
-22.387612	65.840463	56.394365
7.473235	18.248642	13.022708
-43.577744	-29.635614	-4.267742
-40.228071	51.392467	-44.939075
-40.827599	-49.052419	-40.091221
-9.642278	-28.326080	63.506372
-10.466630	-47.267341	60.733123
72.003762	-9.174793	-57.582562
-36.155210	-13.641056	14.236909
-35.616537	15.404103	31.683223
-41.534469	-57.107523	-30.050894
-26.933745	-11.270577	1.140092
-62.156818	-35.618604	45.158346
-70.605510	64.317692	34.559551
-1.640952	11.312048	-40.158722
-6.161610	69.338749	7.084654
3.145172	-39.940789	-1.649240
18.269018	26.379397	-15.748511
-19.935260	73.384145	-68.768929
57.765890	61.983034	44.434004
-59.895994	-35.542982	-24.341710
26.940364	-54.478954	33.195220
-58.788478	22.986480	-0.775154
41.849662	32.249323	60.559429
58.594042	-24.856735	29.826562
-45.317311	-70.401436	36.621483
0.003357	-3.003910	60.706040
16.469619	17.638843	53.914497
45.012708	11.304624	-46.683289
-39.176645	58.224162	-70.023549
-1.514626	-49.805487	71.802623
31.545044	0.069947	-4.376906
-12.406531	-67.533284	60.412567
66.289625	-1.361586	-1.374250
-24.031235	59.241761	-18.969796
-57.861718	41.707770	-16.026182
-40.204890	-14.955754	-59.309943
-55.198652	66.301158	68.423522
11.155964	-65.299499	-38.322680
-22.682442	49.614508	-71.249036
-68.476887	-49.601122	22.420416
33.982868	21.667443	-7.296976
7.030063	-30.459718	36.697444
-45.799303	27.501439	-45.293697
-19.677665	18.795365	42.026764
-62.810161	64.386396	41.373466
-1.866643	-9.064640	-8.330827
-28.465110	1.250706	1.523801
47.528487	44.117345	21.705105
-18.036709	46.295884	5.023980
-22.383472	65.828288	56.398165
7.412057	18.099252	12.978349
-43.266412	-29.423889	-4.149478
-40.075597	51.197678	-44.029324
-40.572080	-48.745426	-39.245193
-9.638595	-28.315262	63.505622
-10.463783	-47.254481	60.734398
72.111434	-9.188512	-56.851444
-35.988885	-13.578303	14.239738
-35.552117	15.376241	31.684289
-41.329080	-56.825125	-29.532965
-26.631939	-11.144285	1.087940
-62.137275	-35.607405	45.166257
-70.591832	64.305232	34.571948
-1.586989	10.940053	-41.023840
-6.148471	69.190891	7.165089
3.114688	-39.553675	-1.630963
17.871264	25.805064	-15.859713
-19.993613	73.598949	-68.247728
57.754520	61.970833	44.442170
-59.580822	-35.355955	-23.921355
26.917091	-54.431891	33.209547
-58.555345	22.895324	-0.650707
41.839478	32.241475	60.561180
58.539510	-24.833601	29.845468
-45.303702	-70.380294	36.634593
0.003346	-2.994224	60.703075
16.456589	17.624888	53.912086
44.386694	11.147405	-45.726762
-39.359298	58.495620	-69.417178
-1.514417	-49.798614	71.803307
31.113738	0.068991	-4.432823
-12.404172	-67.520440	60.416320
66.020894	-1.356066	-1.209270
-23.852914	58.802165	-18.544880
-57.601498	41.520199	-15.690191
-41.201443	-15.326460	-58.738177
-55.194985	66.296753	68.425922
11.105933	-65.006654	-37.481339
-22.992878	50.293541	-70.682477
-68.432130	-49.568703	22.457313
33.480202	21.346944	-7.260308
7.015349	-30.395966	36.692599
-45.584690	27.372569	-44.097055
-19.643242	18.762485	42.021311
-62.796301	64.372188	41.385111
-1.797673	-8.729717	-8.576537
-28.081856	1.233866	1.452490
47.451344	44.045739	21.746309
-17.922877	46.003706	5.095066
-22.378325	65.813151	56.403069
7.337921	17.918222	12.920449
-42.897629	-29.173093	-4.001234
-39.980113	51.075695	-43.073775
-40.360601	-48.491344	-38.321413
-9.633957	-28.301635	63.504641
-10.460201	-47.238307	60.736057
72.278214	-9.209764	-56.153863
-35.784840	-13.501319	14.242738
-35.472031	15.341604	31.685593
-41.129256	-56.550378	-28.942757
-26.269385	-10.992572	1.017217
-62.113187	-35.593601	45.176419
-70.575573	64.290421	34.587389
-1.553502	10.709205	-41.977140
-6.132985	69.016626	7.266089
3.078045	-39.088336	-1.611411
17.413225	25.143682	-16.023157
-20.056768	73.831429	-67.779647
57.740684	61.955987	44.452531
-59.255063	-35.162646	-23.429386
26.888409	-54.373891	33.228023
-58.282066	22.788471	-0.494639
41.826686	32.231617	60.563458
58.472662	-24.805243	29.869766
-45.287257	-70.354746	36.651172
0.003332	-2.982174	60.699249
16.440255	17.607395	53.908939
44.047713	11.062273	-44.710187
-39.549750	58.778670	-68.882038
-1.514154	-49.789943	71.804199
30.600072	0.067852	-4.511216
-12.401237	-67.504461	60.421165
65.711888	-1.349719	-1.004773
-23.662648	58.333121	-18.038819
-57.325505	41.321258	-15.292362
-42.232943	-15.710166	-58.205070
-55.190460	66.291318	68.428990
11.068668	-64.788528	-36.581477
-23.280854	50.923445	-70.207207
-68.379503	-49.530582	22.503221
32.888054	20.969390	-7.224858
6.997062	-30.316730	36.686204
-45.550159	27.351834	-42.872958
-19.600376	18.721541	42.014168
-62.779657	64.355126	41.399742
-1.721649	-8.360531	-8.884065
-27.625096	1.213797	1.355624
47.358150	43.959233	21.798854
-17.786187	45.652855	5.184592
-22.371940	65.794374	56.409391
7.248648	17.700230	12.844850
-42.464448	-28.878502	-3.816789
-39.948850	51.035756	-42.094491
-40.207739	-48.307687	-37.335254
-9.628122	-28.284493	63.503359
-10.455703	-47.217996	60.738216
72.493779	-9.237231	-55.502174
-35.535552	-13.407265	14.245546
-35.372721	15.298653	31.687156
-40.943730	-56.295290	-28.281339
-25.837509	-10.811851	0.920840
-62.083588	-35.576640	45.189452
-70.556359	64.272919	34.606554
-1.545331	10.652878	-42.974428
-6.114885	68.812946	7.392319
3.034317	-38.533041	-1.592613
16.897113	24.398448	-16.262938
-20.122092	74.071894	-67.365998
57.723914	61.937993	44.465650
-58.928787	-34.969030	-22.861540
26.853177	-54.302643	33.251814
-57.964742	22.664396	-0.300000
41.810644	32.219255	60.566420
58.391023	-24.770610	29.900939
-45.267478	-70.324019	36.672080
0.003316	-2.967216	60.694316
16.419816	17.585505	53.904833
44.071964	11.068363	-43.671522
-39.740656	59.062393	-68.417051
-1.513821	-49.779015	71.805361
29.994701	0.066510	-4.621787
-12.397593	-67.484628	60.427415
65.360849	-1.342509	-0.753021
-23.464897	57.845626	-17.443543
-57.040131	41.115556	-14.827039
-43.238539	-16.084237	-57.721464
-55.184890	66.284628	68.432904
11.046803	-64.660547	-35.641186
-23.542354	51.495438	-69.813056
-68.318090	-49.486098	22.560090
32.198570	20.529776	-7.197538
6.974391	-30.218503	36.677742
-45.699953	27.441782	-41.661622
-19.547127	18.670679	42.004801
-62.759771	64.334741	41.418069
-1.640177	-7.964896	-9.265021
-27.086374	1.190126	1.223484
47.246171	43.855291	21.865667
-17.623127	45.234319	5.296494
-22.364040	65.771139	56.417531
7.141953	17.439695	12.746124
-41.960542	-28.535815	-3.589316
-39.984262	51.080995	-41.115988
-40.125133	-48.208441	-36.307947
-9.620792	-28.262961	63.501682
-10.450064	-47.192526	60.741026
72.745879	-9.269354	-54.905311
-35.232421	-13.292896	14.247449
-35.249913	15.245539	31.688971
-40.781988	-56.072905	-27.553684
-25.328451	-10.598833	0.788910
-62.047339	-35.555867	45.206141
-70.533795	64.252364	34.630249
-1.563741	10.779787	-43.960783
-6.093931	68.577136	7.549241
2.982596	-37.876227	-1.578499
16.333687	23.584893	-16.612229
-20.187283	74.311872	-67.005775
57.703676	61.916277	44.482219
-58.614591	-34.782582	-22.216241
26.810051	-54.215435	33.282395
-57.600257	22.521881	-0.058797
41.790558	32.203777	60.570271
58.291739	-24.728492	29.940848
-45.243811	-70.287251	36.698374
0.003295	-2.948693	60.687962
16.394288	17.558165	53.899471
44.453314	11.164136	-42.661039
-39.926058	59.337937	-68.018606
-1.513403	-49.765261	71.806874
29.290861	0.064949	-4.778451
-12.393081	-67.460070	60.435468
64.967616	-1.334432	-0.445508
-23.265954	57.355192	-16.753086
-56.754031	40.909329	-14.290197
-44.181656	-16.435065	-57.294013
-55.178054	66.276416	68.437891
11.041984	-64.632340	-34.682436
-23.775687	52.005820	-69.489490
-68.247035	-49.434629	22.630188
31.407745	20.025547	-7.190450
6.946368	-30.097085	36.666512
-46.016169	27.631662	-40.500881
-19.481152	18.607663	41.992502
-62.736140	64.310518	41.440952
-1.556053	-7.556379	-9.730491
-26.459424	1.162579	1.042631
47.112435	43.731153	21.950341
-17.430075	44.738801	5.435083
-22.354290	65.742466	56.428002
7.015595	17.131145	12.617217
-41.380991	-28.141683	-3.311680
-40.083572	51.207867	-40.162697
-40.119485	-48.201654	-35.265044
-9.611599	-28.235956	63.499486
-10.443004	-47.160643	60.744678
73.021705	-9.304500	-54.368607
-34.865829	-13.154584	14.247143
-35.098521	15.180061	31.690976
-40.653430	-55.896144	-26.769145
-24.736510	-10.351132	0.607689
-62.003110	-35.530522	45.227474
-70.507481	64.228393	34.659420
-1.605930	11.070619	-44.884044
-6.069932	68.307072	7.743127
2.922086	-37.107803	-1.576079
15.748146	22.739405	-17.113396
-20.250467	74.544462	-66.696205
57.679367	61.890194	44.503090
-58.327084	-34.611972	-21.495546
26.757475	-54.109115	33.321627
-57.186831	22.360231	0.237941
41.765454	32.184432	60.575273
58.171554	-24.677507	29.991819
-45.215652	-70.243506	36.731331
0.003269	-2.925818	60.679785
16.362471	17.524088	53.892469
45.108792	11.328755	-41.713860
-40.101494	59.598668	-67.681388
-1.512877	-49.747975	71.808844
28.487270	0.063167	-5.000873
-12.387510	-67.429741	60.445834
64.534290	-1.325531	-0.073211
-23.073971	56.881916	-15.964865
-56.478010	40.710368	-13.680294
-45.042281	-16.755208	-56.924710
-55.169688	66.266368	68.444235
11.054584	-64.706090	-33.729082
-23.980852	52.454589	-69.226248
-68.165603	-49.375644	22.716111
30.519034	19.458906	-7.223534
6.911841	-29.947488	36.651555
-46.464889	27.901108	-39.420178
-19.399657	18.529821	41.976331
-62.708233	64.281909	41.469420
-1.473455	-7.155275	-10.288986
-25.742639	1.131085	0.794734
46.953805	43.583908	22.057239
-17.203510	44.157263	5.604788
-22.342294	65.707187	56.441452
6.867627	16.769827	12.449029
-40.723386	-27.694471	-2.976943
-40.239286	51.406795	-39.256457
-40.191262	-48.287891	-34.233837
-9.600090	-28.202144	63.496609
-10.434182	-47.120805	60.749421
73.309061	-9.341115	-53.894036
-34.425330	-12.988387	14.242353
-34.912539	15.099625	31.693010
-40.566306	-55.776354	-25.941444
-24.060520	-10.068260	0.358378
-61.949364	-35.499723	45.254686
-70.477027	64.200652	34.695164
-1.666086	11.485312	-45.706767
-6.042789	68.001615	7.981019
2.852284	-36.221379	-1.597185
15.188196	21.930870	-17.812374
-20.310231	74.764457	-66.433311
57.650324	61.859030	44.529301
-58.081864	-34.466456	-20.705954
26.693660	-53.980067	33.371839
-56.724724	22.179546	0.599979
41.734140	32.160302	60.581767
58.026824	-24.616110	30.056735
-45.182361	-70.191787	36.772490
0.003238	-2.897650	60.669272
16.322905	17.481714	53.883321
45.936295	11.536577	-40.846305
-40.263921	59.840068	-67.399114
-1.512218	-49.726282	71.811407
27.592882	0.061184	-5.316086
-12.380649	-67.392397	60.459158
64.065962	-1.315912	0.372982
-22.898712	56.449867	-15.081087
-56.224582	40.527693	-12.999138
-45.811568	-17.041373	-56.611779
-55.159487	66.254115	68.452288
11.083636	-64.876137	-32.804421
-24.159011	52.844286	-69.013767
-68.073279	-49.308770	22.820778
29.549467	18.840711	-7.327856
6.869458	-29.763853	36.631557
-47.005544	28.225759	-38.438462
-19.299325	18.433988	41.955028
-62.675494	64.248349	41.504694
-1.397925	-6.788489	-10.943474
-24.942983	1.095950	0.455474
46.767100	43.410603	22.191596
-16.940340	43.481769	5.809701
-22.327583	65.663922	56.458703
6.696801	16.352694	12.229975
-39.989380	-27.195300	-2.579102
-40.440477	51.663822	-38.414617
-40.334610	-48.460116	-33.240306
-9.585705	-28.159888	63.492838
-10.423181	-47.071124	60.755577
73.597216	-9.377832	-53.480745
-33.900083	-12.790216	14.229238
-34.684965	15.001199	31.694730
-40.526618	-55.721785	-25.088003
-23.307650	-9.753218	0.015972
-61.884346	-35.462465	45.289317
-70.442083	64.168820	34.738736
-1.737255	11.975923	-46.410812
-6.012527	67.661075	8.270593
2.773277	-35.218062	-1.660908
14.731193	21.270985	-18.738898
-20.365601	74.968281	-66.212419
57.615823	61.822010	44.562109
-57.894013	-34.354983	-19.858849
26.616586	-53.824208	33.435927
-56.217075	21.981053	1.037536
41.695164	32.130266	60.590190
57.853551	-24.542604	30.139147
-45.143278	-70.131071	36.823683
0.003199	-2.863077	60.655772
16.273829	17.429153	53.871360
46.848683	11.765717	-40.065914
-40.411554	60.059478	-67.165122
-1.511391	-49.699101	71.814741
26.634289	0.059058	-5.759331
-12.372229	-67.346560	60.476260
63.571441	-1.305754	0.901633
-22.750891	56.085460	-14.110101
-56.007119	40.370942	-12.252618
-46.488066	-17.293023	-56.350911
-55.147093	66.239228	68.462492
11.127004	-65.129985	-31.928885
-24.312066	53.179070	-68.843438
-67.969875	-49.233869	22.947391
28.539995	18.197072	-7.548602
6.817652	-29.539387	36.604693
-47.598664	28.581915	-37.565136
-19.176275	18.316455	41.926910
-62.637375	64.209273	41.548204
-1.335930	-6.487437	-11.687955
-24.081889	1.058115	-0.005785
46.549281	43.208417	22.359607
-16.638401	42.706766	6.052831
-22.309606	65.611053	56.480790
6.503174	15.879882	11.945620
-39.186807	-26.649500	-2.114052
-40.674448	51.962726	-37.649076
-40.538485	-48.705063	-32.306429
-9.567765	-28.107185	63.487886
-10.409492	-47.009303	60.763555
73.877397	-9.413533	-53.125717
-33.279673	-12.556140	14.201495
-34.407747	14.881303	31.695483
-40.537212	-55.736352	-24.228618
-22.499112	-9.414880	-0.451047
-61.806090	-35.417621	45.333275
-70.402364	64.132638	34.791546
-1.812975	12.497908	-46.994767
-5.979354	67.287765	8.619904
2.686246	-34.112856	-1.796665
14.477116	20.904112	-19.864362
-20.415999	75.153803	-66.028567
57.575103	61.778318	44.603020
-57.776246	-34.285098	-18.970331
26.524014	-53.637008	33.517466
-55.670844	21.767475	1.560732
41.646762	32.092968	60.601103
57.647468	-24.455180	30.243379
-45.097756	-70.060352	36.887066
0.003152	-2.820797	60.638461
16.213127	17.364142	53.855712
47.781024	11.999867	-39.375916
-40.543631	60.255771	-66.972813
-1.510357	-49.665105	71.819073
25.666327	0.056912	-6.371900
-12.361930	-67.290499	60.498174
63.063877	-1.295329	1.519888
-22.641043	55.814663	-13.067311
-55.838593	40.249465	-11.451109
-47.075072	-17.511383	-56.136402
-55.132094	66.221212	68.475390
11.181739	-65.450367	-31.118384
-24.442334	53.464012	-68.707713
-67.855652	-49.151132	23.099360
27.572613	17.580270	-7.944276
6.754637	-29.266356	36.568425
-48.210309	28.949193	-36.802123
-19.026025	18.172943	41.889704
-62.593359	64.164153	41.601610
-1.293902	-6.283343	-12.504748
-23.203298	1.019511	-0.623848
46.297718	42.974909	22.568475
-16.297202	41.830990	6.334990
-22.287726	65.546706	56.509014
6.288969	15.356821	11.578629
-38.332617	-26.068597	-1.580647
-40.928312	52.287045	-36.966239
-40.788603	-49.005567	-31.448473
-9.545439	-28.041598	63.481377
-10.392497	-46.932557	60.773880
74.142956	-9.447371	-52.824453
-32.555558	-12.282938	14.149014
-34.071806	14.736009	31.694102
-40.597322	-55.818999	-23.383653
-21.677956	-9.071263	-1.078356
-61.712426	-35.363948	45.388903
-70.357691	64.091943	34.855151
-1.888167	13.016247	-47.468101
-5.943703	66.886575	9.036969
2.594320	-32.945473	-2.047150
14.503359	20.942005	-21.062631
-20.461174	75.320098	-65.876828
57.527387	61.727118	44.653823
-57.737070	-34.261851	-18.060277
26.413520	-53.413567	33.620824
-55.097779	21.543405	2.178795
41.586807	32.046766	60.615226
57.404179	-24.351972	30.374642
-45.045200	-69.978705	36.965140
0.003094	-2.769298	60.616294
16.138285	17.283988	53.835221
48.688372	12.227741	-38.776004
-40.660187	60.428996	-66.815958
-1.509066	-49.622664	71.824699
24.784135	0.054956	-7.191106
-12.349382	-67.222200	60.526203
62.561081	-1.285002	2.232366
-22.577983	55.659208	-11.975140
-55.730051	40.171226	-10.609336
-47.578756	-17.698747	-55.962023
-55.114024	66.199508	68.491655
11.244501	-65.817734	-30.383537
-24.552308	53.704565	-68.600120
-67.731461	-49.061174	23.280180
26.795272	17.084639	-8.570653
6.678430	-28.936167	36.519193
-48.813764	29.311554	-36.145946
-18.843500	17.998602	41.840345
-62.543004	64.112535	41.666799
-1.276828	-6.200430	-13.364325
-22.382298	0.983438	-1.429836
46.010539	42.708341	22.826402
-15.919030	40.860314	6.653276
-22.261213	65.468733	56.545000
6.059715	14.797014	11.109450
-37.456916	-25.473065	-0.981499
-41.190232	52.621655	-36.367646
-41.069542	-49.343103	-30.676464
-9.517724	-27.960180	63.472805
-10.371455	-46.837530	60.787216
74.389305	-9.478761	-52.571587
-31.723575	-11.969038	14.055993
-33.667169	14.561004	31.688570
-40.702692	-55.963877	-22.572108
-20.917318	-8.752970	-1.897262
-61.601026	-35.300110	45.459060
-70.308035	64.046709	34.931226
-1.959342	13.506902	-47.845535
-5.906287	66.465516	9.529168
2.503967	-31.798082	-2.468255
14.801010	21.371796	-22.158849
-20.501131	75.467185	-65.752526
57.471918	61.667600	44.716615
-57.779410	-34.286976	-17.150658
26.282565	-53.148749	33.751277
-54.515270	21.315642	2.898990
41.512749	31.989697	60.633474
57.119391	-24.231159	30.539126
-44.985123	-69.885373	37.060757
0.003025	-2.706854	60.587957
16.046341	17.185516	53.808361
49.541650	12.442036	-38.262646
-40.761829	60.580055	-66.688869
-1.507459	-49.569791	71.831999
24.126791	0.053498	-8.225223
-12.334162	-67.139350	60.561973
62.085318	-1.275229	3.039869
-22.567186	55.632591	-10.861569
-55.689084	40.141697	-9.745557
-48.006840	-17.857989	-55.821620
-55.092360	66.173486	68.512105
11.311957	-66.212577	-29.729746
-24.644488	53.906195	-68.515208
-67.598866	-48.965129	23.493248
26.433626	16.854054	-9.417652
6.586904	-28.539608	36.451986
-49.389583	29.657320	-35.589491
-18.623106	17.788090	41.774673
-62.485994	64.054094	41.745886
-1.286890	-6.249290	-14.229063
-21.727794	0.954680	-2.433434
45.687095	42.408110	23.142476
-15.510627	39.812041	6.999232
-22.229244	65.374712	56.590767
5.825537	14.225182	10.518468
-36.608470	-24.896068	-0.322815
-41.450189	52.953758	-35.850960
-41.366530	-49.699919	-29.994602
-9.483413	-27.859384	63.461493
-10.345475	-46.720203	60.804404
74.613686	-9.507352	-52.361394
-30.788180	-11.616121	13.898451
-33.183304	14.351733	31.675505
-40.846252	-56.161264	-21.809979
-20.322380	-8.504014	-2.915557
-61.469463	-35.224719	45.547194
-70.253565	63.997090	35.021522
-2.024425	13.955555	-48.143093
-5.868131	66.036129	10.102442
2.427037	-30.821143	-3.116790
15.283429	22.068381	-23.044386
-20.536062	75.595769	-65.651370
57.408015	61.599032	44.793821
-57.900107	-34.358599	-16.263405
26.128603	-52.837407	33.915105
-53.946831	21.093381	3.725262
41.421552	31.919421	60.657010
56.789238	-24.091102	30.744064
-44.917213	-69.779874	37.177106
0.002941	-2.631527	60.551803
15.933849	17.065037	53.773110
50.323750	12.638455	-37.829724
-40.849547	60.710422	-66.586501
-1.505460	-49.504069	71.841457
23.846796	0.052877	-9.415102
-12.315788	-67.039333	60.607510
61.662271	-1.266540	3.938034
-22.609622	55.737203	-9.757189
-55.718658	40.163014	-8.880094
-48.367686	-17.992220	-55.709476
-55.066525	66.142455	68.537741
11.381081	-66.617181	-29.157854
-24.721265	54.074134	-68.448452
-67.460259	-48.864730	23.741624
26.662502	16.999985	-10.296737
6.477908	-28.067352	36.359731
-49.924803	29.978708	-35.123443
-18.358913	17.535742	41.687035
-62.422199	63.988697	41.841181
-1.322790	-6.423628	-15.060303
-21.364261	0.938707	-3.596479
45.328513	42.075264	23.526441
-15.085746	38.721474	7.357151
-22.190905	65.261962	56.648804
5.602183	13.679782	9.790538
-35.861756	-24.388255	0.387728
-41.700340	53.273332	-35.411058
-41.666647	-50.060495	-29.402256
-9.441066	-27.734981	63.446529
-10.313500	-46.575804	60.826493
74.814860	-9.532986	-52.188167
-29.769557	-11.231803	13.641514
-32.609774	14.103682	31.649375
-41.019131	-56.398963	-21.109199
-20.010895	-8.373672	-4.089703
-61.315327	-35.136392	45.657418
-70.194701	63.943468	35.127801
-2.082422	14.355363	-48.375862
-5.830583	65.613596	10.760308
2.382122	-30.250754	-4.001890
15.852733	22.890423	-23.704914
-20.566286	75.707030	-65.569533
57.335135	61.520831	44.888192
-58.090459	-34.471556	-15.418273
25.949248	-52.474714	34.119665
-53.421836	20.888106	4.656620
41.309633	31.833177	60.687303
56.410734	-23.930533	30.997735
-44.841420	-69.662128	37.317661
0.002840	-2.541186	60.505776
15.796870	16.918334	53.726782
51.026320	12.814900	-37.469389
-40.924560	60.821907	-66.504469
-1.502982	-49.422575	71.853696
24.026601	0.053276	-10.622975
-12.293726	-66.919240	60.665315
61.318933	-1.259488	4.916195
-22.701534	55.963785	-8.691453
-55.816626	40.233631	-8.033427
-48.669678	-18.104557	-55.620500
-55.035899	66.105669	68.569764
11.449336	-67.016703	-28.665116
-24.784856	54.213230	-68.396143
-67.318918	-48.762350	24.027722
27.363898	17.447194	-10.981236
6.349475	-27.510877	36.232455
-50.411835	30.271159	-34.737409
-18.045025	17.235929	41.569748
-62.351747	63.916477	41.955140
-1.380160	-6.702221	-15.825877
-21.380018	0.939399	-4.819095
44.938344	41.713098	23.988272
-14.669112	37.652075	7.703786
-22.145211	65.127578	56.722154
5.410890	13.212670	8.922469
-35.323573	-24.022257	1.144695
-41.935033	53.573159	-35.041059
-41.959461	-50.412297	-28.895180
-9.388982	-27.581973	63.426677
-10.274284	-46.398706	60.854784
74.992782	-9.555657	-52.046484
-28.715255	-10.834024	13.237969
-31.937425	13.812892	31.601316
-41.211776	-56.663839	-20.477255
-20.061030	-8.394651	-5.312739
-61.136373	-35.033843	45.794570
-70.132155	63.886492	35.251744
-2.133097	14.704699	-48.556999
-5.795287	65.216391	11.502762
2.387476	-30.318747	-4.985611
16.437056	23.734152	-24.175498
-20.592203	75.802431	-65.503666
57.252958	61.432655	45.002791
-58.337622	-34.618226	-14.631191
25.742510	-52.056647	34.373393
-52.973971	20.712989	5.685392
41.172802	31.727735	60.726188
55.982368	-23.748812	31.309382
-44.758045	-69.532604	37.486089
0.002719	-2.433560	60.447332
15.631001	16.740689	53.665808
51.647210	12.970833	-37.172926
-40.988192	60.916475	-66.439030
-1.499917	-49.321800	71.869505
24.611877	0.054574	-11.700165
-12.267394	-66.775908	60.738457
61.080396	-1.254588	5.956845
-22.835270	56.293471	-7.689288
-55.976083	40.348571	-7.224267
-48.920826	-18.197982	-55.550301
-54.999832	66.062348	68.609615
11.514757	-67.399629	-28.246249
-24.837263	54.327862	-68.355269
-67.178992	-48.660994	24.352973
28.302631	18.045729	-11.427432
6.200193	-26.864073	36.056187
-50.847294	30.532642	-34.420769
-17.676237	16.883675	41.412404
-62.275099	63.837906	42.090280
-1.452800	-7.054971	-16.504881
-21.770903	0.956574	-5.972330
44.523250	41.327796	24.537546
-14.302487	36.711036	8.012710
-22.091126	64.968517	56.814506
5.275722	12.882607	7.932082
-35.124692	-23.887005	1.939703
-42.150624	53.848583	-34.733180
-42.237193	-50.745980	-28.466702
-9.325175	-27.394528	63.400252
-10.226377	-46.182358	60.890866
75.148273	-9.575469	-51.931378
-27.717766	-10.457680	12.632850
-31.160440	13.476847	31.517444
-41.414930	-56.943163	-19.917405
-20.459309	-8.561313	-6.453034
-60.930738	-34.916006	45.964239
-70.066972	63.827114	35.394837
-2.176700	15.005275	-48.697467
-5.764085	64.865271	12.325206
2.440480	-30.991851	-5.828472
16.993358	24.537419	-24.502332
-20.614246	75.883575	-65.450897
57.161488	61.334507	45.140932
-58.626462	-34.789627	-13.913350
25.507115	-51.580629	34.685721
-52.637847	20.581564	6.795709
41.006219	31.599366	60.775948
55.504844	-23.546237	31.688994
-44.667843	-69.392473	37.686098
0.002577	-2.306327	60.373343
15.431469	16.526992	53.585431
52.188501	13.106774	-36.931472
-41.041783	60.996123	-66.387036
-1.496138	-49.197553	71.889881
25.457156	0.056448	-12.568509
-12.236180	-66.605999	60.830659
60.965933	-1.252237	7.036179
-23.000789	56.701507	-6.769002
-56.186446	40.500204	-6.467987
-49.128530	-18.275245	-55.495174
-54.957667	66.011702	68.658991
11.575942	-67.757766	-27.894394
-24.880260	54.421911	-68.323408
-67.045382	-48.564214	24.717462
29.311545	18.689012	-11.684003
6.029822	-26.125894	35.811633
-51.230921	30.763002	-34.163284
-17.249129	16.475718	41.201027
-62.193120	63.753870	42.249058
-1.534136	-7.449950	-17.088457
-22.443286	0.986118	-6.960769
44.093656	40.929033	25.182549
-14.053404	36.071702	8.270441
-22.027607	64.781713	56.930277
5.217568	12.740603	6.863794
-35.338543	-24.032437	2.733730
-42.345165	54.097114	-34.479407
-42.494571	-51.055208	-28.108773
-9.247363	-27.165940	63.364946
-10.168109	-45.919218	60.936640
75.282749	-9.592604	-51.838414
-26.933852	-10.161916	11.786388
-30.279844	13.095990	31.376580
-41.620354	-57.225610	-19.429298
-21.110568	-8.833836	-7.419328
-60.697225	-34.782192	46.172745
-70.000541	63.766599	35.558238
-2.213759	15.260747	-48.806147
-5.738870	64.581515	13.217638
2.521356	-32.018898	-6.428305
17.499562	25.268349	-24.726304
-20.632861	75.952099	-65.408792
57.061163	61.226858	45.306088
-58.941393	-34.976511	-13.271063
25.242917	-51.046368	35.066862
-52.443624	20.505622	7.962933
40.804371	31.443822	60.839384
54.981969	-23.324423	32.146924
-44.572111	-69.243750	37.921224
0.002411	-2.157263	60.280009
15.193350	16.271969	53.479326
52.654983	13.223928	-36.736539
-41.086632	61.062776	-66.345868
-1.491495	-49.044871	71.916074
26.415814	0.058574	-13.224586
-12.199461	-66.406122	60.946390
60.985365	-1.252636	8.126031
-23.187284	57.161255	-5.941716
-56.434946	40.679327	-5.775694
-49.299457	-18.338828	-55.452052
-54.908774	65.952974	68.719879
11.632004	-68.085919	-27.601924
-24.915395	54.498763	-68.298623
-66.923510	-48.475936	25.119601
30.295465	19.316358	-11.811275
5.840273	-25.304617	35.472906
-51.564645	30.963396	-33.955484
-16.763830	16.012179	40.917186
-62.107144	63.665736	42.433713
-1.618323	-7.858771	-17.577563
-23.272463	1.022550	-7.750977
43.664216	40.530414	25.929114
-14.024284	35.996956	8.511125
-21.953669	64.564266	57.074680
5.246538	12.811343	5.783371
-35.886921	-24.405369	3.489014
-42.518054	54.317984	-34.271966
-42.728494	-51.336254	-27.812785
-9.152977	-26.888664	63.317578
-10.097589	-45.600748	60.994335
75.397983	-9.607288	-51.763725
-26.573584	-10.025990	10.734690
-29.309388	12.676270	31.147581
-41.821254	-57.501835	-19.009796
-21.896603	-9.162757	-8.184470
-60.435641	-34.632293	46.427052
-69.934586	63.706518	35.742624
-2.244945	15.475732	-48.890105
-5.721360	64.384469	14.164410
2.612762	-33.179670	-6.810585
17.946805	25.914141	-24.878871
-20.648480	76.009596	-65.375317
56.952968	61.110765	45.501741
-59.267871	-35.170246	-12.706232
24.951419	-50.456899	35.527426
-52.410600	20.492709	9.155015
40.561091	31.256351	60.919889
54.421633	-23.086718	32.693290
-44.472758	-69.089403	38.194551
0.002217	-1.984463	60.162774
14.911957	15.970599	53.339096
53.053033	13.323895	-36.580352
-41.123950	61.118238	-66.313373
-1.485810	-48.857937	71.949639
27.382513	0.060717	-13.702041
-12.156639	-66.173029	61.090944
61.136998	-1.255751	9.196982
-23.384505	57.647443	-5.211961
-56.708183	40.876281	-5.153991
-49.439499	-18.390922	-55.418429
-54.852595	65.885495	68.794560
11.682488	-68.381415	-27.361061
-24.944002	54.561337	-68.279378
-66.818946	-48.400195	25.555905
31.205567	19.896639	-11.857951
5.637099	-24.424311	35.007113
-51.851816	31.135835	-33.788890
-16.226700	15.499132	40.537378
-62.019004	63.575384	42.646062
-1.700811	-8.259340	-17.979577
-24.151956	1.061193	-8.355263
43.253899	40.149546	26.779196
-14.237360	36.543871	8.759875
-21.868470	64.313700	57.253771
5.357506	13.082313	4.760232
-36.639198	-24.916965	4.197722
-42.669694	54.511709	-34.103635
-42.937622	-51.587512	-27.570189
-9.039211	-26.554452	63.253746
-10.012719	-45.217475	61.066465
75.495926	-9.619768	-51.703993
-26.777528	-10.102936	9.650576
-28.285265	12.233338	30.787280
-42.012440	-57.764706	-18.653836
-22.720176	-9.507386	-8.765146
-60.147210	-34.467009	46.734570
-69.871123	63.648707	35.948042
-2.270974	15.655166	-48.954900
-5.712856	64.288770	15.144849
2.704097	-34.339550	-7.034143
18.333949	26.473154	-24.982681
-20.661511	76.057563	-65.348789
56.838538	60.987981	45.731167
-59.593388	-35.363412	-12.217154
24.636384	-49.819832	36.077828
-52.542206	20.544168	10.336277
40.269629	31.031750	61.021500
53.836814	-22.838626	33.337118
-44.372339	-68.933400	38.508368
0.001996	-1.786653	60.016278
14.583504	15.618828	53.153681
53.389782	13.408467	-36.456019
-41.154844	61.164153	-66.287792
-1.478879	-48.630002	71.992480
28.294392	0.062739	-14.042564
-12.107195	-65.903885	61.270488
61.407989	-1.261317	10.221842
-23.583599	58.138250	-4.578912
-56.993433	41.081895	-4.605304
-49.553784	-18.433435	-55.392284
-54.788704	65.808754	68.885610
11.727276	-68.643572	-27.164310
-24.967218	54.612119	-68.264456
-66.736950	-48.340802	26.020907
32.020294	20.416108	-11.858226
5.431560	-23.533756	34.376812
-52.096602	31.282824	-33.656099
-15.654149	14.952253	40.033460
-61.931036	63.485209	42.887279
-1.778456	-8.636396	-18.305152
-25.009408	1.098868	-8.805542
42.885367	39.807464	27.729277
-14.586210	37.439285	9.057992
-21.771426	64.028303	57.474434
5.532434	13.509463	3.847333
-37.489839	-25.495454	4.854300
-42.801188	54.679696	-33.967914
-43.121965	-51.808991	-27.372903
-8.903131	-26.154692	63.167337
-9.911233	-44.759166	61.155726
75.578573	-9.630299	-51.656417
-27.461729	-10.361079	8.735849
-27.281238	11.799097	30.242425
-42.190293	-58.009243	-18.355198
-23.516903	-9.840781	-9.195213
-59.835012	-34.288106	47.102823
-69.812367	63.595183	36.173776
-2.292550	15.803900	-49.004872
-5.714023	64.301900	16.134864
2.789702	-35.426651	-7.152613
18.664091	26.949860	-25.053481
-20.672326	76.097373	-65.327825
56.720234	60.861040	45.997170
-59.907979	-35.550094	-11.799483
24.304525	-49.148745	36.727467
-52.825033	20.654754	11.472652
39.922821	30.764500	61.148913
53.246433	-22.588175	34.085206
-44.274022	-68.780663	38.863786
0.001747	-1.563612	59.834369
14.206175	15.214711	52.908708
53.672538	13.479480	-36.357591
-41.180302	61.201989	-66.267703
-1.470466	-48.353349	72.046898
29.119567	0.064569	-14.283117
-12.050749	-65.596632	61.492060
61.776981	-1.268896	11.178483
-23.777516	58.616293	-4.037801
-57.279573	41.288150	-4.128579
-49.646718	-18.468005	-55.372000
-54.716881	65.722485	68.995877
11.766502	-68.873179	-27.004742
-24.986003	54.653210	-68.252901
-66.681961	-48.300970	26.507295
32.733647	20.870941	-11.834364
5.242816	-22.715967	33.549296
-52.303541	31.407086	-33.550780
-15.077411	14.401375	39.375687
-61.846021	63.398061	43.157656
-1.849367	-8.980747	-18.565907
-25.803005	1.133738	-9.136472
42.583308	39.527083	28.768823
-14.996630	38.492734	9.398644
-21.662365	63.707560	57.744300
5.747510	14.034650	3.071303
-38.365476	-26.090943	5.451061
-42.914082	54.823921	-33.859099
-43.282490	-52.001854	-27.213558
-8.741897	-25.681036	63.049858
-9.790777	-44.215184	61.264761
75.647863	-9.639128	-51.618658
-28.416974	-10.721485	8.063588
-26.427878	11.430021	29.464795
-42.352591	-58.232394	-18.107157
-24.250464	-10.147743	-9.509731
-59.504414	-34.098659	47.538967
-69.760608	63.548033	36.418246
-2.310330	15.926468	-49.043393
-5.724768	64.422817	17.109350
2.866927	-36.407333	-7.205884
18.942423	27.351755	-25.101999
-20.681259	76.130260	-65.311300
56.601168	60.733282	46.301754
-60.204324	-35.725948	-11.447143
23.966219	-48.464622	37.483647
-53.232486	20.814069	12.536255
39.513371	30.448978	61.307428
52.675787	-22.346096	34.940700
-44.181477	-68.636893	39.260361
0.001471	-1.316708	59.610230
13.781752	14.760157	52.585961
53.908394	13.538713	-36.280037
-41.201195	61.233039	-66.251961
-1.460307	-48.019300	72.115615
29.845893	0.066180	-14.452552
-11.987153	-65.250451	61.763501
62.217952	-1.277954	12.051367
-23.961073	59.068798	-3.581265
-57.557585	41.488545	-3.720135
-49.722049	-18.496027	-55.356292
-54.637193	65.626769	69.128421
11.800477	-69.072043	-26.876140
-25.001163	54.686368	-68.243964
-66.657106	-48.282967	27.006268
33.348262	21.262819	-11.800058
5.098385	-22.090181	32.517860
-52.477218	31.511375	-33.467611
-14.546769	13.894526	38.540894
-61.767070	63.317128	43.456384
-1.912633	-9.287977	-18.773022
-26.512737	1.164922	-9.378214
42.371492	39.330470	29.879257
-15.422312	39.585357	9.756154
-21.541692	63.352669	58.071549
5.980074	14.602541	2.435095
-39.218168	-26.670827	5.981909
-43.010163	54.946667	-33.772283
-43.420800	-52.168028	-27.085629
-8.553142	-25.126531	62.889557
-9.649039	-43.575096	61.395746
75.705619	-9.646487	-51.588787
-29.466919	-11.117621	7.607708
-25.917400	11.209240	28.457598
-42.498281	-58.432710	-17.902957
-24.904112	-10.421266	-9.738537
-59.163421	-33.903255	48.049111
-69.718053	63.509269	36.678973
-2.324909	16.026967	-49.073078
-5.744259	64.642153	18.044839
2.934862	-37.270047	-7.221057
19.174963	27.687530	-25.135470
-20.688608	76.157311	-65.298304
56.485154	60.608798	46.645766
-60.477568	-35.888095	-11.153126
23.636107	-47.797067	38.350227
-53.730985	21.008984	13.507710
39.034312	30.079816	61.502778
52.156127	-22.125646	35.901395
-44.098673	-68.508255	39.695759
0.001173	-1.049512	59.336681
13.317967	14.263446	52.163345
54.103981	13.587834	-36.219176
-41.218275	61.258424	-66.239647
-1.448112	-47.618311	72.201757
30.472851	0.067570	-14.572052
-11.916585	-64.866325	62.093262
62.704002	-1.287937	12.831730
-24.130817	59.487251	-3.200492
-57.820711	41.678212	-3.374526
-49.782932	-18.518675	-55.344147
-54.550090	65.522146	69.286421
11.829616	-69.242603	-26.773065
-25.013366	54.713061	-68.237058
-66.663844	-48.287847	27.508110
33.871316	21.596317	-11.763253
5.028560	-21.787644	31.332578
-52.622045	31.598340	-33.402178
-14.130850	13.497256	37.527999
-61.697438	63.245749	43.781381
-1.968052	-9.557095	-18.936515
-27.132511	1.192154	-9.554583
42.268759	39.235110	31.034179
-15.835575	40.646104	10.105995
-21.410591	62.967110	58.464568
6.212402	15.169855	1.926650
-40.018393	-27.215031	6.444380
-43.091305	55.050328	-33.703316
-43.538870	-52.309883	-26.983458
-8.335616	-24.487505	62.670333
-9.483977	-42.829675	61.549681
75.753513	-9.652590	-51.565221
-30.502269	-11.508250	7.313957
-25.928109	11.213871	27.347767
-42.627224	-58.609999	-17.736160
-25.473394	-10.659485	-9.904880
-58.822845	-33.708090	48.637481
-69.686649	63.480661	36.952618
-2.336810	16.109011	-49.095947
-5.771072	64.943897	18.921749
2.993570	-38.015586	-7.215550
19.367823	27.966008	-25.158743
-20.694630	76.179478	-65.288103
56.376560	60.492277	47.028547
-60.724986	-36.034915	-10.910120
23.333310	-47.184750	39.325912
-54.285953	21.225978	14.376236
38.479701	29.652433	61.740798
51.722767	-21.941806	36.957939
-44.029584	-68.400923	40.165555
0.000859	-0.768444	59.006748
12.831575	13.742525	51.616157
54.265336	13.628357	-36.171576
-41.232192	61.279107	-66.230032
-1.433572	-47.140188	72.308776
31.006287	0.068753	-14.656677
-11.839674	-64.447671	62.490078
63.210266	-1.298336	13.516828
-24.284766	59.866766	-2.886111
-58.064351	41.853832	-3.085300
-49.832010	-18.536931	-55.334769
-54.456497	65.409727	69.473026
11.854394	-69.387636	-26.690846
-25.023167	54.734499	-68.231727
-66.701775	-48.315323	28.002889
34.312095	21.877358	-11.728218
5.051831	-21.888472	30.111087
-52.742129	31.670448	-33.350865
-13.903366	13.279972	36.377301
-61.640292	63.187168	44.129218
-2.015887	-9.789386	-19.064972
-27.664425	1.215525	-9.683472
42.284958	39.250147	32.201494
-16.220773	41.634814	10.430817
-21.271222	62.557236	58.931432
6.432541	15.707405	1.527215
-40.749612	-27.712306	6.839751
-43.159365	55.137277	-33.648734
-43.638844	-52.429997	-26.902231
-8.090222	-23.766611	62.370587
-9.294164	-41.972480	61.725293
75.793042	-9.657627	-51.546675
-31.464608	-11.871332	7.131938
-26.455568	11.441997	26.347969
-42.739949	-58.764990	-17.600848
-25.961000	-10.863527	-10.026074
-58.496161	-33.520885	49.305448
-69.667905	63.463586	37.235105
-2.346489	16.175734	-49.113561
-5.803427	65.307990	19.725761
3.043631	-38.651316	-7.200064
19.526796	28.195557	-25.175070
-20.699547	76.197579	-65.280111
56.280060	60.388732	47.447642
-60.945567	-36.165811	-10.710965
23.080757	-46.674035	40.402084
-54.866026	21.452789	15.138391
37.845633	29.163821	62.026857
51.411136	-21.809606	38.092323
-43.977835	-68.320531	40.663219
0.000540	-0.483281	58.614547
12.351691	13.228572	50.920977
54.397834	13.661633	-36.134455
-41.243495	61.295906	-66.222535
-1.416369	-46.574492	72.440248
31.455151	0.069748	-14.716951
-11.757617	-64.001005	62.962449
63.715696	-1.308717	14.108701
-24.422118	60.205364	-2.628851
-58.285798	42.013455	-2.845613
-49.871476	-18.551612	-55.327536
-54.357895	65.291293	69.691160
11.875304	-69.510030	-26.625540
-25.031023	54.751683	-68.227613
-66.768699	-48.363799	28.481195
34.680551	22.112285	-11.696972
5.161714	-22.364571	28.990416
-52.841192	31.729933	-33.310735
-13.913966	13.290096	35.176677
-61.598433	63.144259	44.495159
-2.056684	-9.987502	-19.165545
-28.114996	1.235322	-9.777986
42.418505	39.374109	33.347405
-16.569957	42.531087	10.720772
-21.126892	62.132771	59.479172
6.633545	16.198231	1.216876
-41.404270	-28.157514	7.172216
-43.216106	55.209764	-33.605678
-43.722887	-52.530970	-26.837912
-7.821610	-22.977513	61.962480
-9.079341	-41.002339	61.917406
75.825531	-9.661766	-51.532113
-32.327318	-12.196825	7.023245
-27.317902	11.814955	25.579735
-42.837444	-58.899040	-17.491741
-26.373401	-11.036098	-10.114709
-58.198922	-33.350554	50.050542
-69.662755	63.458895	37.521828
-2.354334	16.229814	-49.127124
-5.839424	65.713079	20.448217
3.085874	-39.187764	-7.180877
19.657159	28.383792	-25.186629
-20.703550	76.212313	-65.273860
56.200282	60.303129	47.898632
-61.139607	-36.280956	-10.548956
22.902776	-46.314121	41.560263
-55.445267	21.679274	15.796362
37.131711	28.613672	62.365009
51.250690	-21.741542	39.277545
-43.946327	-68.271582	41.180341
0.000232	-0.207327	58.156528
11.921719	12.768075	50.063849
54.506186	13.688844	-36.105576
-41.252651	61.309513	-66.216697
-1.396198	-45.911203	72.599501
31.829543	0.070578	-14.760173
-11.672290	-63.536538	63.517914
64.203830	-1.318744	14.612819
-24.542954	60.503251	-2.419976
-58.483899	42.156249	-2.648687
-49.903143	-18.563392	-55.321962
-54.256380	65.169359	69.943263
11.892832	-69.612626	-26.573859
-25.037307	54.765430	-68.224441
-66.860879	-48.430570	28.934804
34.986466	22.307336	-11.670215
5.331732	-23.101221	28.056983
-52.922543	31.778782	-33.279426
-14.160170	13.525261	34.034968
-61.574032	63.119245	44.873347
-2.091136	-10.154807	-19.244072
-28.492781	1.251921	-9.847590
42.656787	39.595289	34.441024
-16.880078	43.327092	10.971957
-20.982158	61.707117	60.112846
6.812209	16.634503	0.977413
-41.980904	-28.549662	7.447829
-43.263153	55.269869	-33.571812
-43.793088	-52.615313	-26.787159
-7.540460	-22.151578	61.412791
-8.841283	-39.927267	62.114712
75.852131	-9.665156	-51.520701
-33.082312	-12.481678	6.961031
-28.324679	12.250384	25.042947
-42.920976	-59.013890	-17.404229
-26.718761	-11.180616	-10.179834
-57.947639	-33.206558	50.865622
-69.671459	63.466824	37.807920
-2.360673	16.273513	-49.137567
-5.877256	66.138819	21.085703
3.121219	-39.636607	-7.161461
19.763583	28.537462	-25.194888
-20.706798	76.224270	-65.268978
56.141391	60.239939	48.375149
-61.308323	-36.381074	-10.418024
22.820254	-46.147244	42.770343
-56.003878	21.897692	16.356271
36.343134	28.005996	62.756849
51.258085	-21.744679	40.479526
-43.936905	-68.256944	41.707105
-0.000048	0.043063	57.632964
11.596410	12.419672	49.053023
54.594462	13.711014	-36.083156
-41.260046	61.320504	-66.212157
-1.372799	-45.141787	72.788977
32.139592	0.071266	-14.791392
-11.586322	-63.068582	64.162095
64.662815	-1.328171	15.036839
-24.647985	60.762173	-2.251544
-58.658700	42.282249	-2.488118
-49.928501	-18.572825	-55.317669
-54.154668	65.047190	70.231003
11.907437	-69.698113	-26.533093
-25.042326	54.776408	-68.221997
-66.973465	-48.512121	29.357155
35.238983	22.468341	-11.647925
5.531666	-23.967494	27.329310
-52.989077	31.818735	-33.255049
-14.588928	13.934794	33.036496
-61.568398	63.113471	45.257119
-2.119991	-10.294929	-19.305255
-28.806953	1.265726	-9.899089
42.979209	39.894571	35.457938
-17.151158	44.022889	11.184547
-20.842802	61.297280	60.834430
6.967849	17.014557	0.793387
-42.482040	-28.890466	7.673550
-43.301974	55.319463	-33.545241
-43.851393	-52.685365	-26.747232
-7.266251	-21.346037	60.687857
-8.585189	-38.770744	62.297030
75.873833	-9.667921	-51.511774
-33.731811	-12.726728	6.927417
-29.347809	12.692887	24.688603
-42.991950	-59.111476	-17.334365
-27.005683	-11.300680	-10.227924
-57.758122	-33.097957	51.738450
-69.693579	63.486974	38.088553
-2.365782	16.308730	-49.145605
-5.915346	66.567461	21.639159
3.150583	-40.009509	-7.143572
19.850126	28.662426	-25.200843
-20.709427	76.233948	-65.265170
56.106660	60.202672	48.869116
-61.453536	-36.467245	-10.312812
22.844176	-46.195620	43.992382
-56.527954	22.102608	16.826711
35.493719	27.351437	63.200169
51.432529	-21.818681	41.661611
-43.950130	-68.277490	42.232972
0.000184	-0.164846	57.047574
11.429722	12.241150	47.931341
54.666140	13.729016	-36.065780
-41.266006	61.329362	-66.208629
-1.346008	-44.260823	73.009235
32.394826	0.071832	-14.814105
-11.503097	-62.615562	64.897552
65.084984	-1.336842	15.389560
-24.738325	60.984878	-2.116537
-58.811112	42.392110	-2.358066
-49.948769	-18.580364	-55.314366
-54.056047	64.928732	70.554949
11.919541	-69.768963	-26.501027
-25.046328	54.785160	-68.220115
-67.101002	-48.604502	29.743620
35.446375	22.600574	-11.629715
5.737903	-24.861072	26.784410
-53.043294	31.851291	-33.236103
-15.126008	14.447793	32.217402
-61.581840	63.127250	45.639437
-2.143988	-10.411462	-19.352842
-29.066469	1.277128	-9.937371
43.361394	40.249326	36.381781
-17.385086	44.623325	11.361197
-20.715609	60.923215	61.641647
7.101353	17.340555	0.652276
-42.912670	-29.183322	7.856509
-43.333867	55.360207	-33.524441
-43.899574	-52.743252	-26.715905
-7.029284	-20.649899	59.766557
-8.321954	-37.581974	62.432741
75.891484	-9.670170	-51.504801
-34.283410	-12.934842	6.910879
-30.315312	13.111330	24.463689
-43.051812	-59.193783	-17.278818
-27.242496	-11.399776	-10.263610
-57.643482	-33.032262	52.651923
-69.728020	63.518348	38.359234
-2.369889	16.337041	-49.151790
-5.952421	66.984681	22.112781
3.174834	-40.317466	-7.127953
19.920261	28.763697	-25.205174
-20.711550	76.241763	-65.262203
56.098098	60.193486	49.371211
-61.577407	-36.540752	-10.228690
22.971264	-46.452617	45.183825
-57.008743	22.290598	17.217556
34.610269	26.670651	63.687782
51.756018	-21.955912	42.790190
-43.985215	-68.331995	42.747468
0.000017	-0.015088	56.405574
11.454304	12.267477	46.775907
54.724165	13.743588	-36.052333
-41.270799	61.336485	-66.205891
-1.315831	-43.268494	73.257493
32.603876	0.072295	-14.830745
-11.426647	-62.199415	65.722532
65.466182	-1.344672	15.680125
-24.815319	61.174684	-2.008886
-58.942625	42.486907	-2.253348
-49.964941	-18.586380	-55.311825
-53.964236	64.818455	70.914273
11.929525	-69.827402	-26.475867
-25.049513	54.792128	-68.218665
-67.237933	-48.703688	30.091538
35.615955	22.708697	-11.615050
5.935393	-25.716754	26.385447
-53.087327	31.877731	-33.221401
-15.704071	14.999937	31.573935
-61.613627	63.159834	46.013362
-2.163826	-10.507798	-19.389804
-29.279633	1.286494	-9.965953
43.778963	40.636926	37.204046
-17.584809	45.135966	11.505844
-20.607895	60.606436	62.526928
7.214483	17.616803	0.544184
-43.279157	-29.432556	8.003512
-43.359964	55.393548	-33.508189
-43.939206	-52.790868	-26.691383
-6.868368	-20.177177	58.663607
-8.071914	-36.452793	62.478542
75.905797	-9.671994	-51.499362
-34.747174	-13.109816	6.904176
-31.192094	13.490537	24.325506
-43.101973	-59.262751	-17.234814
-27.436879	-11.481116	-10.290215
-57.612165	-33.014316	53.585135
-69.773145	63.559454	38.616059
-2.373183	16.359750	-49.156550
-5.987533	67.379807	22.512936
3.194757	-40.570479	-7.114777
19.976927	28.845518	-25.208348
-20.713260	76.248058	-65.259893
56.116211	60.212920	49.871509
-61.682243	-36.602963	-10.161728
23.185349	-46.885542	46.308527
-57.441705	22.459887	17.539064
33.738960	25.999221	64.207447
52.198299	-22.143536	43.839004
-44.040117	-68.417287	43.240974
-0.000065	0.057942	55.732118
11.665108	12.493247	45.675945
54.771007	13.755352	-36.041940
-41.274645	61.342201	-66.203768
-1.282559	-42.174420	73.525679
32.774354	0.072673	-14.843016
-11.361380	-61.844143	66.629808
65.805031	-1.351632	15.917442
-24.880413	61.335153	-1.923437
-59.055068	42.567959	-2.169463
-49.977824	-18.591173	-55.309872
-53.883172	64.721085	71.306501
11.937724	-69.875395	-26.456169
-25.052046	54.797668	-68.217550
-67.379019	-48.805884	30.400068
35.754076	22.796763	-11.603369
6.115962	-26.499120	26.096594
-53.122981	31.899141	-33.210006
-16.274560	15.544847	31.081863
-61.662072	63.209495	46.372515
-2.180141	-10.587023	-19.418480
-29.453885	1.294151	-9.987380
44.210137	41.037154	37.922851
-17.753791	45.569704	11.622891
-20.526758	60.367817	63.476791
7.309414	17.848613	0.461413
-43.588460	-29.642901	8.120757
-43.381244	55.420733	-33.495512
-43.971674	-52.829876	-26.672226
-6.818973	-20.032070	57.452329
-7.870922	-35.545112	62.387638
75.917373	-9.673469	-51.495126
-35.133926	-13.255735	6.902868
-31.965038	13.824835	24.243338
-43.143759	-59.320204	-17.200063
-27.595685	-11.547570	-10.310135
-57.666549	-33.045481	54.515217
-69.826924	63.608444	38.855904
-2.375820	16.377929	-49.160211
-6.020040	67.745618	22.847223
3.211053	-40.777416	-7.103924
20.022584	28.911445	-25.210691
-20.714635	76.253118	-65.258098
56.159934	60.259836	50.360222
-61.770350	-36.655246	-10.108629
23.463261	-47.447536	47.341627
-57.825542	22.609969	17.801234
32.954493	25.394711	64.744818
52.723742	-22.366439	44.790831
-44.111789	-68.528630	43.705368
-0.000077	0.069123	55.046617
12.022113	12.875597	44.701188
54.808726	13.764825	-36.033915
-41.277725	61.346779	-66.202122
-1.246954	-41.003630	73.798136
32.912851	0.072980	-14.852118
-11.311646	-61.573420	67.605917
66.102216	-1.357736	16.109817
-24.935056	61.469859	-1.855880
-59.150433	42.636699	-2.102570
-49.988072	-18.594985	-55.308371
-53.816707	64.641252	71.727391
11.944431	-69.914656	-26.440777
-25.054056	54.802065	-68.216692
-67.519657	-48.907754	30.669910
35.866183	22.868242	-11.594140
6.276066	-27.192816	25.888331
-53.151772	31.916429	-33.201186
-16.807708	16.054090	30.711350
-61.724715	63.273710	46.711468
-2.193497	-10.651882	-19.440704
-29.595739	1.300383	-10.003500
44.637083	41.433459	38.541349
-17.895656	45.933835	11.716698
-20.478132	60.224812	64.472006
7.388439	18.041580	0.398026
-43.847604	-29.819136	8.213685
-43.398539	55.442828	-33.485640
-43.998172	-52.861713	-26.657287
-6.893827	-20.251969	56.254671
-7.779294	-35.131322	62.143363
75.926713	-9.674659	-51.491829
-35.454283	-13.376603	6.904304
-32.633472	14.113931	24.196334
-43.178386	-59.367815	-17.172697
-27.724900	-11.601641	-10.325106
-57.802524	-33.123401	55.419617
-69.887111	63.663271	39.076520
-2.377927	16.392455	-49.163027
-6.049567	68.077894	23.123713
3.224328	-40.945997	-7.095133
20.059281	28.964434	-25.212430
-20.715738	76.257178	-65.256704
56.226769	60.331550	50.828407
-61.843938	-36.698914	-10.066667
23.780847	-48.089761	48.269341
-58.161313	22.741256	18.013381
32.372005	24.945846	65.292297
53.297259	-22.609736	45.637007
-44.196519	-68.660261	44.134467
-0.000183	0.163955	54.376276
12.469446	13.354687	43.885070
54.839030	13.772436	-36.027724
-41.280189	61.350440	-66.200848
-1.210535	-39.806047	74.049702
33.024989	0.073229	-14.858906
