391
-66.3964
-12.3341
-8.54999
-42.1809
-0.221651
-8.54999
48.6417
-0.221831
-8.54999
-66.4148
-48.6698
-8.45
-60.3544
-48.6741
-8.45
-54.3008
-48.677
-8.45
-48.247
-48.6717
-8.45
-42.1915
-48.6673
-8.45
-30.0707
-48.6739
-8.45
-24.0192
-48.6707
-8.45
-17.9662
-48.6679
-8.45
-11.9078
-48.6715
-8.45
0.203162
-48.6726
-8.45
6.2503
-48.6729
-8.45
12.3132
-48.671
-8.45
18.3671
-48.6704
-8.45
24.4265
-48.6693
-8.45
30.4765
-48.669
-8.45
42.5893
-48.6699
-8.45
48.6527
-48.6697
-8.45
54.7051
-48.673
-8.45
60.7608
-48.6775
-8.45
66.8111
-48.6732
-8.45
-66.412
-42.62
-8.45
-48.2417
-42.6224
-8.45
-42.1861
-42.6187
-8.45
48.6477
-42.6212
-8.45
54.7039
-42.624
-8.45
60.7604
-42.6194
-8.45
66.8116
-42.6188
-8.45
-36.129
-42.6139
-8.45
-30.0765
-42.6156
-8.45
-24.0213
-42.6168
-8.45
-17.962
-42.6173
-8.45
24.4258
-42.62
-8.45
36.5365
-42.6118
-8.45
42.5867
-42.6151
-8.45
-66.413
-36.5723
-8.45
-60.3538
-36.5675
-8.45
-36.1268
-36.5666
-8.45
-30.0789
-36.5662
-8.45
-24.0222
-36.5685
-8.45
-17.9618
-36.5692
-8.45
0.200204
-36.5704
-8.45
12.3163
-36.5656
-8.45
24.4223
-36.5721
-8.45
30.4842
-36.5667
-8.45
36.5379
-36.5655
-8.45
42.5884
-36.5669
-8.45
-60.3531
-30.5053
-8.45
-36.1249
-30.5047
-8.45
-24.0222
-30.4957
-8.45
-5.85586
-30.5065
-8.45
24.4232
-30.4964
-8.45
36.5343
-30.5035
-8.45
42.5876
-30.507
-8.45
-66.4113
-24.4451
-8.45
-60.3537
-24.4496
-8.45
-48.2462
-24.4433
-8.45
-36.1243
-24.4462
-8.45
-30.0729
-24.4441
-8.45
-24.0191
-24.4446
-8.45
0.203912
-24.4436
-8.45
6.25143
-24.4427
-8.45
24.4314
-24.4469
-8.45
30.4787
-24.4438
-8.45
36.5323
-24.4519
-8.45
42.5846
-24.4451
-8.45
48.6483
-24.4405
-8.45
54.7027
-24.4429
-8.45
66.8128
-24.4493
-8.45
-48.2438
-18.392
-8.45
-42.1864
-18.3874
-8.45
-36.13
-18.3868
-8.45
-30.073
-18.3915
-8.45
-24.0162
-18.3938
-8.45
-17.9623
-18.389
-8.45
18.3613
-18.3854
-8.45
30.4777
-18.391
-8.45
42.5894
-18.3876
-8.45
48.6481
-18.3892
-8.45
54.7005
-18.3916
-8.45
66.8111
-18.3894
-8.45
-60.3514
-12.333
-8.45
-54.3029
-12.3374
-8.45
-48.2484
-12.336
-8.45
-42.183
-12.3355
-8.45
-36.1276
-12.3335
-8.45
-30.0762
-12.3349
-8.45
-24.0229
-12.332
-8.45
-17.9618
-12.3387
-8.45
-5.85591
-12.3333
-8.45
0.199069
-12.3332
-8.45
6.26105
-12.3336
-8.45
18.3599
-12.3354
-8.45
24.4218
-12.334
-8.45
36.5355
-12.3348
-8.45
42.5868
-12.3363
-8.45
48.6466
-12.3352
-8.45
54.7041
-12.3358
-8.45
60.7597
-12.3339
-8.45
66.8099
-12.3327
-8.45
-66.4075
-6.27911
-8.45
-60.3534
-6.28112
-8.45
-48.2467
-6.27819
-8.45
-36.1252
-6.28033
-8.45
30.483
-6.28084
-8.45
48.6458
-6.27547
-8.45
54.7058
-6.27976
-8.45
60.7606
-6.28229
-8.45
-42.1828
-6.27818
-8.45
-24.0212
-6.27703
-8.45
-17.9614
-6.27788
-8.45
36.5364
-6.2776
-8.45
42.5835
-6.27947
-8.45
-66.4135
-0.218203
-8.45
-60.3531
-0.223045
-8.45
-36.1245
-0.223942
-8.45
-30.0737
-0.222711
-8.45
-24.0209
-0.216352
-8.45
-11.9065
-0.22326
-8.45
-5.84324
-0.224051
-8.45
0.2058
-0.217651
-8.45
6.24989
-0.218086
-8.45
24.4294
-0.22118
-8.45
30.4781
-0.215116
-8.45
36.53
-0.222142
-8.45
42.5864
-0.222288
-8.45
54.702
-0.219459
-8.45
66.8149
-0.224706
-8.45
-66.4108
5.83257
-8.45
-60.3523
5.83359
-8.45
-42.1853
5.83523
-8.45
-36.1268
5.83704
-8.45
-30.0738
5.83716
-8.45
-24.0174
5.83062
-8.45
-17.9665
5.83217
-8.45
-11.9069
5.83842
-8.45
0.202247
5.83109
-8.45
12.3099
5.84033
-8.45
24.4265
5.83434
-8.45
30.479
5.83293
-8.45
36.5318
5.83487
-8.45
42.5824
5.83862
-8.45
48.6504
5.83194
-8.45
-54.301
11.8928
-8.45
-48.2475
11.8952
-8.45
-42.1842
11.8931
-8.45
-36.1259
11.8914
-8.45
-24.0227
11.8877
-8.45
-17.9608
11.889
-8.45
-11.9044
11.8887
-8.45
24.4226
11.8885
-8.45
30.4829
11.8888
-8.45
36.5388
11.8919
-8.45
42.5854
11.8946
-8.45
48.6459
11.8953
-8.45
-66.4112
17.9483
-8.45
-48.2468
17.947
-8.45
-42.1829
17.9491
-8.45
-30.076
17.9459
-8.45
-24.0211
17.9473
-8.45
-17.9595
17.9516
-8.45
18.3619
17.9467
-8.45
30.4789
17.9462
-8.45
36.5345
17.9461
-8.45
42.5861
17.9455
-8.45
48.644
17.9492
-8.45
60.7594
17.9489
-8.45
66.8098
17.9472
-8.45
24.4203
17.9493
-8.45
-66.4099
24.0061
-8.45
-60.3558
24.002
-8.45
-48.243
24.0047
-8.45
-42.1876
24.001
-8.45
-36.1293
23.9996
-8.45
-30.0729
24.0035
-8.45
-5.85337
23.9962
-8.45
0.199368
24.0049
-8.45
6.25366
24.0038
-8.45
12.3146
24.0007
-8.45
30.4774
24.0058
-8.45
36.5325
24.0003
-8.45
42.5867
24.0018
-8.45
48.6497
24.0036
-8.45
54.7033
24.0053
-8.45
60.7578
24.0026
-8.45
66.8168
24.0018
-8.45
24.4275
24.0051
-8.45
-60.3517
30.0593
-8.45
-54.3
30.0592
-8.45
-48.2483
30.055
-8.45
-24.0179
30.0547
-8.45
24.4293
30.0519
-8.45
48.6508
30.0508
-8.45
54.7042
30.0533
-8.45
-36.125
30.06
-8.45
-66.4071
36.1239
-8.45
-60.352
36.1258
-8.45
-36.1268
36.1146
-8.45
-30.0785
36.1173
-8.45
-24.0275
36.1156
-8.45
0.199748
36.1074
-8.45
24.4239
36.1112
-8.45
30.4844
36.1162
-8.45
36.5356
36.1175
-8.45
42.5864
36.1155
-8.45
66.8137
36.123
-8.45
-36.1264
42.1769
-8.45
-30.0791
42.1743
-8.45
-24.0227
42.1795
-8.45
-17.9599
42.1812
-8.45
-11.9077
42.175
-8.45
24.4251
42.1845
-8.45
36.5379
42.1745
-8.45
42.5862
42.1762
-8.45
-66.4143
48.2318
-8.45
-30.0744
48.224
-8.45
-17.9658
48.2301
-8.45
24.4256
48.2297
-8.45
30.4753
48.2352
-8.45
54.7009
48.2353
-8.45
-36.1338
-48.6758
-8.34999
-5.85133
-48.6774
-8.34999
36.5407
-48.6771
-8.34999
-60.3634
-42.6181
-8.34999
-54.312
-42.6228
-8.34999
-11.9115
-42.6189
-8.34999
-5.85427
-42.6192
-8.34999
0.195795
-42.6247
-8.34999
6.25714
-42.6221
-8.34999
12.3132
-42.6187
-8.34999
18.3661
-42.6203
-8.34999
30.483
-42.6216
-8.34999
-54.3101
-36.5696
-8.34999
-48.2525
-36.5709
-8.34999
-42.1927
-36.569
-8.34999
-11.9092
-36.5696
-8.34999
-5.85966
-36.5713
-8.34999
6.26417
-36.5713
-8.34999
18.3666
-36.5704
-8.34999
48.654
-36.5716
-8.34999
54.7167
-36.5709
-8.34999
60.7676
-36.5695
-8.34999
66.8227
-36.5685
-8.34999
48.6548
-30.5077
-8.34999
-66.413
-30.5032
-8.34999
-54.3102
-30.5055
-8.34999
-48.2587
-30.5039
-8.34999
-42.1949
-30.5047
-8.34999
-30.08
-30.5027
-8.34999
-17.9617
-30.5027
-8.34999
-11.9075
-30.5104
-8.34999
0.199401
-30.4943
-8.34999
6.25959
-30.4984
-8.34999
12.3138
-30.5096
-8.34999
18.365
-30.5098
-8.34999
30.486
-30.4985
-8.34999
60.7699
-30.5057
-8.34999
66.8212
-30.5088
-8.34999
-54.3064
-24.4504
-8.34999
-42.1939
-24.4448
-8.34999
-17.9689
-24.4453
-8.34999
-11.9124
-24.4469
-8.34999
-5.84643
-24.4482
-8.34999
12.312
-24.4478
-8.34999
18.3649
-24.4456
-8.34999
60.7663
-24.4515
-8.34999
-66.4187
-18.3936
-8.34999
-60.36
-18.3896
-8.34999
-54.3075
-18.3893
-8.34999
-11.906
-18.3861
-8.34999
-5.85147
-18.3893
-8.34999
0.202735
-18.3958
-8.34999
6.2554
-18.3943
-8.34999
12.3118
-18.3897
-8.34999
24.4271
-18.3913
-8.34999
36.5431
-18.3874
-8.34999
60.7665
-18.3871
-8.34999
-11.9047
-12.3337
-8.34999
12.314
-12.3308
-8.34999
30.4856
-12.3398
-8.34999
-54.3112
-6.28121
-8.34999
-30.0846
-6.28056
-8.34999
-11.9067
-6.28349
-8.34999
-5.85636
-6.28223
-8.34999
0.199715
-6.27587
-8.34999
6.25804
-6.2754
-8.34999
12.3116
-6.28214
-8.34999
18.3694
-6.28338
-8.34999
24.4229
-6.27926
-8.34999
66.8151
-6.28256
-8.34999
60.7676
-0.226637
-8.34999
-54.306
-0.220475
-8.34999
-48.2532
-0.218002
-8.34999
-17.9706
-0.220328
-8.34999
12.3071
-0.223491
-8.34999
18.3686
-0.22763
-8.34999
-54.3086
5.83663
-8.34999
-48.2537
5.83357
-8.34999
-5.84692
5.83766
-8.34999
6.25292
5.83291
-8.34999
18.3709
5.84087
-8.34999
54.714
5.83616
-8.34999
60.767
5.83698
-8.34999
66.8188
5.83566
-8.34999
-66.4123
11.8957
-8.34999
-60.3587
11.8939
-8.34999
-30.0839
11.8887
-8.34999
-5.85744
11.8915
-8.34999
0.19962
11.8825
-8.34999
6.26251
11.8864
-8.34999
18.3646
11.8911
-8.34999
54.7156
11.8964
-8.34999
60.7673
11.8953
-8.34999
66.819
11.8955
-8.34999
-60.3567
17.9472
-8.34999
-54.3088
17.9478
-8.34999
-36.1336
17.9463
-8.34999
-11.9042
17.9469
-8.34999
-5.85744
17.9482
-8.34999
0.197041
17.9564
-8.34999
6.25928
17.9536
-8.34999
12.3147
17.9467
-8.34999
54.7161
17.948
-8.34999
-54.3066
24.0065
-8.34999
-24.0209
24.0098
-8.34999
-17.9663
24.0049
-8.34999
-11.9122
23.9994
-8.34999
18.3678
24.0029
-8.34999
-66.4148
30.0576
-8.34999
-42.1959
30.0545
-8.34999
-30.0784
30.062
-8.34999
-17.9669
30.0553
-8.34999
-11.9087
30.0585
-8.34999
-5.84884
30.0603
-8.34999
0.202193
30.0549
-8.34999
6.25474
30.0556
-8.34999
12.3079
30.0647
-8.34999
18.3682
30.0571
-8.34999
30.4858
30.0585
-8.34999
42.5896
30.0602
-8.34999
60.7671
30.0655
-8.34999
66.8202
30.0595
-8.34999
36.5367
30.0626
-8.34999
-54.3127
36.1205
-8.34999
-48.2572
36.1166
-8.34999
-17.961
36.1152
-8.34999
-11.9071
36.1204
-8.34999
-5.8584
36.1217
-8.34999
6.25803
36.1154
-8.34999
12.3124
36.1193
-8.34999
18.3667
36.1166
-8.34999
54.7196
36.1204
-8.34999
60.7686
36.1276
-8.34999
-66.4179
42.1833
-8.34999
-60.36
42.1804
-8.34999
-54.3116
42.1802
-8.34999
-48.2553
42.1851
-8.34999
-42.1918
42.1848
-8.34999
-5.85709
42.1804
-8.34999
0.198461
42.1879
-8.34999
6.26293
42.1818
-8.34999
12.3152
42.1794
-8.34999
18.3652
42.1808
-8.34999
30.4884
42.1821
-8.34999
48.6506
42.1875
-8.34999
60.769
42.1795
-8.34999
66.8211
42.1808
-8.34999
54.7173
42.1831
-8.34999
-60.365
48.2366
-8.34999
-54.3089
48.2357
-8.34999
-48.2512
48.2378
-8.34999
-42.1913
48.234
-8.34999
-36.1362
48.2307
-8.34999
-24.021
48.2353
-8.34999
-11.9099
48.2363
-8.34999
-5.85513
48.2305
-8.34999
0.199425
48.2364
-8.34999
6.254
48.2366
-8.34999
12.3151
48.2343
-8.34999
18.3698
48.2313
-8.34999
36.5411
48.233
-8.34999
42.5933
48.231
-8.34999
48.6578
48.2364
-8.34999
60.7704
48.2376
-8.34999
66.8247
48.2341
-8.34999
54.7209
-30.5083
-8.24999
12.3149
11.8909
-8.24999
-42.196
36.1212
-8.24999
48.6568
36.1241
-8.24999
