Camera Matrices
BCL
2879.983758, -62.112107, 186.413175, 283448.332472
65.614139, 2569.275109, 1215.662137, 142797.589378
0.154833, -0.294469, 0.943035, 426.845207
BCR
2446.377490, -325.275277, 1430.350830, 304351.294931
-215.386279, 2561.960026, 1129.973408, 131092.655108
-0.307664, -0.271900, 0.911819, 433.760209
BL
3037.422344, 258.199719, -649.655324, 348285.732035
126.255089, 2784.209222, 1302.801710, 182878.913531
0.419216, -0.279529, 0.863783, 516.814083
BR
1997.886036, -503.798563, 2126.236624, 375739.935888
-352.556706, 2684.942780, 1087.855608, 178363.601243
-0.573507, -0.243270, 0.782247, 530.843224
TC
2767.837722, 29.495025, 779.229115, 279834.300847
-13.564731, 2818.918829, 270.011589, 71824.162936
-0.050140, 0.046094, 0.997678, 392.258146
TL
3007.766875, -142.697898, -762.615961, 299584.086230
296.144986, 3040.047515, 263.470346, 138435.623909
0.440860, 0.010847, 0.897510, 479.179925
TR
2281.017684, -43.325083, 2171.948059, 356652.786491
-61.264075, 3099.897909, 244.042563, 95952.199881
-0.526473, 0.051824, 0.848611, 496.564609


Camera Parameters
BCL
-69.680241
135.004396
-399.032757
0.298900
0.162734
0.046986
2814.838225
BCR
123.796653
133.122131
-394.241252
0.275367
-0.325422
-0.056576
2779.724865
BL
-221.978099
151.063033
-441.697407
0.283303
0.451839
0.149800
3050.418600
BR
293.753316
141.948854
-419.102909
0.245735
-0.632632
-0.124470
2890.786015
TC
9.481896
12.234893
-393.259841
-0.046110
-0.050214
-0.000002
2803.461008
TL
-208.468918
12.179819
-431.645642
-0.010847
0.456585
-0.049253
3039.573551
TR
252.347273
7.813012
-429.072360
-0.051847
-0.555280
-0.024837
3084.262814


World Points
-32.072700, -32.066115, -32.059530, -32.052944, -32.046359, -24.072898, -24.066313, -24.059727, -24.053142, -24.046557, -16.073095, -16.066510, -16.059925, -16.053339, -16.046754, -8.073293, -8.066708, -8.060122, -8.053537, -8.046952, -0.073491, -0.066905, -0.060320, -0.053735, -0.047149, 7.926312, 7.932897, 7.939483, 7.946068, 7.952653, 15.926114, 15.932700, 15.939285, 15.945870, 15.952456, 23.925917, 23.932502, 23.939088, 23.945673, 23.952258, 31.925719, 31.932305, 31.938890, 31.945475, 31.952061, -32.119221, -32.115634, -32.112047, -32.108460, -32.104873, -24.119401, -24.115814, -24.112227, -24.108640, -24.105053, -16.119581, -16.115994, -16.112407, -16.108820, -16.105233, -8.119761, -8.116174, -8.112587, -8.109000, -8.105413, -0.119941, -0.116354, -0.112767, -0.109180, -0.105593, 7.879879, 7.883466, 7.887053, 7.890640, 7.894227, 15.879699, 15.883286, 15.886873, 15.890460, 15.894047, 23.879519, 23.883106, 23.886693, 23.890280, 23.893867, 31.879339, 31.882926, 31.886513, 31.890100, 31.893687, -32.052905, -32.047462, -32.042020, -32.036577, -32.031135, -24.053094, -24.047651, -24.042209, -24.036766, -24.031324, -16.053283, -16.047840, -16.042398, -16.036955, -16.031513, -8.053472, -8.048029, -8.042587, -8.037144, -8.031702, -0.053661, -0.048219, -0.042776, -0.037334, -0.031891, 7.946150, 7.951592, 7.957035, 7.962477, 7.967920, 15.945961, 15.951403, 15.956846, 15.962288, 15.967731, 23.945772, 23.951214, 23.956657, 23.962099, 23.967542, 31.945583, 31.951025, 31.956468, 31.961910, 31.967353, -32.060809, -32.057184, -32.053559, -32.049935, -32.046310, -24.060986, -24.057361, -24.053736, -24.050112, -24.046487, -16.061163, -16.057538, -16.053913, -16.050289, -16.046664, -8.061340, -8.057715, -8.054090, -8.050466, -8.046841, -0.061517, -0.057892, -0.054267, -0.050643, -0.047018, 7.938306, 7.941931, 7.945556, 7.949181, 7.952805, 15.938129, 15.941754, 15.945379, 15.949004, 15.952628, 23.937952, 23.941577, 23.945202, 23.948827, 23.952451, 31.937775, 31.941400, 31.945025, 31.948650, 31.952274, -32.004232, -31.999376, -31.994520, -31.989664, -31.984808, -24.004415, -23.999559, -23.994703, -23.989847, -23.984991, -16.004598, -15.999742, -15.994886, -15.990029, -15.985173, -8.004781, -7.999925, -7.995068, -7.990212, -7.985356, -0.004963, -0.000107, 0.004749, 0.009605, 0.014461, 7.994854, 7.999710, 8.004566, 8.009422, 8.014278, 15.994671, 15.999527, 16.004383, 16.009239, 16.014095, 23.994488, 23.999344, 24.004200, 24.009056, 24.013912, 31.994305, 31.999161, 32.004017, 32.008873, 32.013729, -31.979490, -31.974736, -31.969982, -31.965227, -31.960473, -23.979664, -23.974910, -23.970156, -23.965402, -23.960648, -15.979839, -15.975085, -15.970331, -15.965577, -15.960823, -7.980014, -7.975260, -7.970506, -7.965752, -7.960998, 0.019811, 0.024565, 0.029319, 0.034073, 0.038827, 8.019636, 8.024390, 8.029144, 8.033898, 8.038652, 16.019461, 16.024215, 16.028969, 16.033724, 16.038478, 24.019287, 24.024041, 24.028795, 24.033549, 24.038303, 32.019112, 32.023866, 32.028620, 32.033374, 32.038128, -32.058530, -32.057882, -32.057234, -32.056587, -32.055939, -24.058691, -24.058043, -24.057396, -24.056748, -24.056100, -16.058852, -16.058204, -16.057557, -16.056909, -16.056261, -8.059013, -8.058365, -8.057718, -8.057070, -8.056423, -0.059174, -0.058527, -0.057879, -0.057231, -0.056584, 7.940665, 7.941312, 7.941960, 7.942607, 7.943255, 15.940503, 15.941151, 15.941799, 15.942446, 15.943094, 23.940342, 23.940990, 23.941637, 23.942285, 23.942933, 31.940181, 31.940829, 31.941476, 31.942124, 31.942771, -31.896447, -31.890217, -31.883987, -31.877757, -31.871527, -23.896614, -23.890384, -23.884154, -23.877924, -23.871694, -15.896781, -15.890551, -15.884321, -15.878091, -15.871861, -7.896947, -7.890717, -7.884487, -7.878257, -7.872028, 0.102886, 0.109116, 0.115346, 0.121576, 0.127806, 8.102719, 8.108949, 8.115179, 8.121409, 8.127639, 16.102553, 16.108783, 16.115013, 16.121242, 16.127472, 24.102386, 24.108616, 24.114846, 24.121076, 24.127306, 32.102219, 32.108449, 32.114679, 32.120909, 32.127139, -31.925690, -31.921974, -31.918258, -31.914542, -31.910826, -23.925855, -23.922139, -23.918423, -23.914706, -23.910990, -15.926019, -15.922303, -15.918587, -15.914871, -15.911155, -7.926184, -7.922468, -7.918752, -7.915036, -7.911320, 0.073651, 0.077367, 0.081083, 0.084799, 0.088516, 8.073487, 8.077203, 8.080919, 8.084635, 8.088351, 16.073322, 16.077038, 16.080754, 16.084470, 16.088186, 24.073157, 24.076873, 24.080589, 24.084305, 24.088022, 32.072993, 32.076709, 32.080425, 32.084141, 32.087857, -31.873033, -31.867482, -31.861930, -31.856379, -31.850828, -23.873202, -23.867650, -23.862099, -23.856548, -23.850996, -15.873371, -15.867819, -15.862268, -15.856717, -15.851165, -7.873539, -7.867988, -7.862437, -7.856885, -7.851334, 0.126292, 0.131843, 0.137394, 0.142946, 0.148497, 8.126123, 8.131674, 8.137226, 8.142777, 8.148328, 16.125954, 16.131505, 16.137057, 16.142608, 16.148159, 24.125785, 24.131337, 24.136888, 24.142439, 24.147991, 32.125616, 32.131168, 32.136719, 32.142270, 32.147822
-16.053772, -8.053879, -0.053986, 7.945907, 15.945800, -16.060642, -8.060749, -0.060856, 7.939037, 15.938930, -16.067512, -8.067619, -0.067726, 7.932167, 15.932060, -16.074382, -8.074489, -0.074596, 7.925297, 15.925190, -16.081252, -8.081359, -0.081466, 7.918427, 15.918320, -16.088122, -8.088229, -0.088336, 7.911557, 15.911450, -16.094992, -8.095099, -0.095206, 7.904687, 15.904580, -16.101863, -8.101969, -0.102076, 7.897817, 15.897710, -16.108733, -8.108839, -0.108946, 7.890947, 15.890840, -16.025991, -8.026098, -0.026204, 7.973690, 15.973583, -16.029853, -8.029960, -0.030066, 7.969828, 15.969722, -16.033715, -8.033821, -0.033928, 7.965966, 15.965860, -16.037577, -8.037683, -0.037790, 7.962104, 15.961998, -16.041439, -8.041545, -0.041651, 7.958242, 15.958136, -16.045301, -8.045407, -0.045513, 7.954380, 15.954274, -16.049163, -8.049269, -0.049375, 7.950519, 15.950412, -16.053025, -8.053131, -0.053237, 7.946657, 15.946550, -16.056886, -8.056993, -0.057099, 7.942795, 15.942689, -16.019518, -8.019619, -0.019720, 7.980178, 15.980077, -16.025233, -8.025334, -0.025435, 7.974463, 15.974362, -16.030948, -8.031049, -0.031150, 7.968749, 15.968647, -16.036663, -8.036764, -0.036865, 7.963034, 15.962932, -16.042378, -8.042479, -0.042580, 7.957319, 15.957217, -16.048093, -8.048194, -0.048295, 7.951604, 15.951503, -16.053808, -8.053909, -0.054010, 7.945889, 15.945788, -16.059523, -8.059624, -0.059725, 7.940174, 15.940073, -16.065238, -8.065339, -0.065440, 7.934459, 15.934358, -15.995333, -7.995443, 0.004448, 8.004338, 16.004229, -15.999235, -7.999344, 0.000546, 8.000437, 16.000327, -16.003136, -8.003245, -0.003355, 7.996536, 15.996426, -16.007037, -8.007147, -0.007256, 7.992634, 15.992525, -16.010939, -8.011048, -0.011158, 7.988733, 15.988623, -16.014840, -8.014949, -0.015059, 7.984832, 15.984722, -16.018741, -8.018851, -0.018960, 7.980930, 15.980821, -16.022643, -8.022752, -0.022862, 7.977029, 15.976919, -16.026544, -8.026653, -0.026763, 7.973128, 15.973018, -15.985384, -7.985492, 0.014399, 8.014291, 16.014183, -15.990518, -7.990627, 0.009265, 8.009157, 16.009048, -15.995653, -7.995761, 0.004131, 8.004022, 16.003914, -16.000787, -8.000895, -0.001004, 7.998888, 15.998780, -16.005921, -8.006030, -0.006138, 7.993754, 15.993645, -16.011056, -8.011164, -0.011272, 7.988619, 15.988511, -16.016190, -8.016298, -0.016407, 7.983485, 15.983377, -16.021324, -8.021433, -0.021541, 7.978351, 15.978242, -16.026459, -8.026567, -0.026675, 7.973216, 15.973108, -15.972423, -7.972536, 0.027350, 8.027237, 16.027123, -15.977456, -7.977569, 0.022317, 8.022204, 16.022091, -15.982488, -7.982602, 0.017285, 8.017171, 16.017058, -15.987521, -7.987634, 0.012252, 8.012139, 16.012025, -15.992554, -7.992667, 0.007219, 8.007106, 16.006992, -15.997586, -7.997700, 0.002187, 8.002073, 16.001960, -16.002619, -8.002733, -0.002846, 7.997040, 15.996927, -16.007652, -8.007765, -0.007879, 7.992008, 15.991894, -16.012685, -8.012798, -0.012912, 7.986975, 15.986862, -15.941130, -7.941232, 0.058666, 8.058564, 16.058462, -15.942034, -7.942136, 0.057762, 8.057660, 16.057558, -15.942938, -7.943040, 0.056858, 8.056756, 16.056654, -15.943842, -7.943944, 0.055954, 8.055852, 16.055750, -15.944746, -7.944848, 0.055050, 8.054948, 16.054846, -15.945650, -7.945752, 0.054146, 8.054044, 16.053942, -15.946554, -7.946656, 0.053242, 8.053140, 16.053038, -15.947458, -7.947560, 0.052338, 8.052236, 16.052134, -15.948362, -7.948464, 0.051434, 8.051332, 16.051230, -15.951277, -7.951390, 0.048497, 8.048384, 16.048271, -15.957777, -7.957890, 0.041997, 8.041884, 16.041772, -15.964276, -7.964389, 0.035498, 8.035385, 16.035272, -15.970775, -7.970888, 0.028999, 8.028886, 16.028773, -15.977274, -7.977387, 0.022500, 8.022387, 16.022274, -15.983774, -7.983887, 0.016001, 8.015888, 16.015775, -15.990273, -7.990386, 0.009501, 8.009388, 16.009275, -15.996772, -7.996885, 0.003002, 8.002889, 16.002776, -16.003271, -8.003384, -0.003497, 7.996390, 15.996277, -15.925479, -7.925589, 0.074300, 8.074189, 16.074078, -15.929463, -7.929574, 0.070315, 8.070204, 16.070094, -15.933447, -7.933558, 0.066331, 8.066220, 16.066109, -15.937432, -7.937543, 0.062346, 8.062236, 16.062125, -15.941416, -7.941527, 0.058362, 8.058251, 16.058140, -15.945401, -7.945511, 0.054378, 8.054267, 16.054156, -15.949385, -7.949496, 0.050393, 8.050282, 16.050172, -15.953369, -7.953480, 0.046409, 8.046298, 16.046187, -15.957354, -7.957465, 0.042424, 8.042314, 16.042203, -15.914494, -7.914604, 0.085286, 8.085176, 16.085066, -15.920314, -7.920424, 0.079466, 8.079356, 16.079246, -15.926134, -7.926244, 0.073646, 8.073536, 16.073426, -15.931954, -7.932064, 0.067826, 8.067716, 16.067606, -15.937773, -7.937883, 0.062007, 8.061897, 16.061787, -15.943593, -7.943703, 0.056187, 8.056077, 16.055967, -15.949413, -7.949523, 0.050367, 8.050257, 16.050147, -15.955233, -7.955343, 0.044547, 8.044437, 16.044327, -15.961052, -7.961162, 0.038728, 8.038618, 16.038508
0.121628, 0.162460, 0.203291, 0.244123, 0.284955, 0.177427, 0.218259, 0.259091, 0.299923, 0.340755, 0.233226, 0.274058, 0.314890, 0.355722, 0.396554, 0.289026, 0.329858, 0.370690, 0.411522, 0.452354, 0.344825, 0.385657, 0.426489, 0.467321, 0.508153, 0.400625, 0.441457, 0.482289, 0.523121, 0.563953, 0.456424, 0.497256, 0.538088, 0.578920, 0.619752, 0.512224, 0.553056, 0.593888, 0.634720, 0.675551, 0.568023, 0.608855, 0.649687, 0.690519, 0.731351, 2.802952, 2.844030, 2.885108, 2.926185, 2.967263, 2.856471, 2.897549, 2.938627, 2.979705, 3.020783, 2.909991, 2.951069, 2.992147, 3.033225, 3.074303, 2.963511, 3.004589, 3.045667, 3.086745, 3.127822, 3.017031, 3.058109, 3.099186, 3.140264, 3.181342, 3.070550, 3.111628, 3.152706, 3.193784, 3.234862, 3.124070, 3.165148, 3.206226, 3.247304, 3.288382, 3.177590, 3.218668, 3.259746, 3.300823, 3.341901, 3.231109, 3.272187, 3.313265, 3.354343, 3.395421, 5.514139, 5.553994, 5.593849, 5.633704, 5.673558, 5.568841, 5.608695, 5.648550, 5.688405, 5.728260, 5.623542, 5.663397, 5.703251, 5.743106, 5.782961, 5.678243, 5.718098, 5.757953, 5.797807, 5.837662, 5.732945, 5.772799, 5.812654, 5.852509, 5.892364, 5.787646, 5.827501, 5.867355, 5.907210, 5.947065, 5.842347, 5.882202, 5.922057, 5.961911, 6.001766, 5.897049, 5.936903, 5.976758, 6.016613, 6.056467, 5.951750, 5.991605, 6.031459, 6.071314, 6.111169, 8.248478, 8.290178, 8.331877, 8.373577, 8.415276, 8.301544, 8.343243, 8.384943, 8.426642, 8.468342, 8.354609, 8.396309, 8.438008, 8.479708, 8.521407, 8.407675, 8.449374, 8.491074, 8.532773, 8.574472, 8.460740, 8.502440, 8.544139, 8.585839, 8.627538, 8.513806, 8.555505, 8.597205, 8.638904, 8.680603, 8.566871, 8.608571, 8.650270, 8.691969, 8.733669, 8.619937, 8.661636, 8.703335, 8.745035, 8.786734, 8.673002, 8.714701, 8.756401, 8.798100, 8.839800, 11.017318, 11.058663, 11.100007, 11.141352, 11.182696, 11.071173, 11.112517, 11.153862, 11.195207, 11.236551, 11.125027, 11.166372, 11.207717, 11.249061, 11.290406, 11.178882, 11.220227, 11.261571, 11.302916, 11.344260, 11.232737, 11.274081, 11.315426, 11.356770, 11.398115, 11.286591, 11.327936, 11.369281, 11.410625, 11.451970, 11.340446, 11.381791, 11.423135, 11.464480, 11.505824, 11.394301, 11.435645, 11.476990, 11.518334, 11.559679, 11.448155, 11.489500, 11.530845, 11.572189, 11.613534, 13.775580, 13.817924, 13.860268, 13.902612, 13.944956, 13.828230, 13.870574, 13.912918, 13.955262, 13.997606, 13.880880, 13.923224, 13.965567, 14.007911, 14.050255, 13.933529, 13.975873, 14.018217, 14.060561, 14.102905, 13.986179, 14.028523, 14.070867, 14.113211, 14.155555, 14.038829, 14.081173, 14.123517, 14.165861, 14.208205, 14.091479, 14.133823, 14.176167, 14.218511, 14.260855, 14.144129, 14.186472, 14.228816, 14.271160, 14.313504, 14.196778, 14.239122, 14.281466, 14.323810, 14.366154, 16.461602, 16.502000, 16.542397, 16.582795, 16.623192, 16.512376, 16.552774, 16.593172, 16.633569, 16.673967, 16.563151, 16.603548, 16.643946, 16.684344, 16.724741, 16.613925, 16.654323, 16.694720, 16.735118, 16.775516, 16.664700, 16.705097, 16.745495, 16.785892, 16.826290, 16.715474, 16.755871, 16.796269, 16.836667, 16.877064, 16.766248, 16.806646, 16.847043, 16.887441, 16.927839, 16.817023, 16.857420, 16.897818, 16.938215, 16.978613, 16.867797, 16.908195, 16.948592, 16.988990, 17.029387, 19.287947, 19.330003, 19.372059, 19.414115, 19.456171, 19.339179, 19.381235, 19.423290, 19.465346, 19.507402, 19.390410, 19.432466, 19.474522, 19.516578, 19.558634, 19.441642, 19.483698, 19.525753, 19.567809, 19.609865, 19.492873, 19.534929, 19.576985, 19.619041, 19.661097, 19.544105, 19.586161, 19.628217, 19.670272, 19.712328, 19.595336, 19.637392, 19.679448, 19.721504, 19.763560, 19.646568, 19.688624, 19.730680, 19.772735, 19.814791, 19.697799, 19.739855, 19.781911, 19.823967, 19.866023, 22.087605, 22.129558, 22.171512, 22.213466, 22.255419, 22.138781, 22.180734, 22.222688, 22.264641, 22.306595, 22.189956, 22.231910, 22.273863, 22.315817, 22.357771, 22.241132, 22.283086, 22.325039, 22.366993, 22.408946, 22.292308, 22.334261, 22.376215, 22.418168, 22.460122, 22.343484, 22.385437, 22.427391, 22.469344, 22.511298, 22.394659, 22.436613, 22.478566, 22.520520, 22.562474, 22.445835, 22.487789, 22.529742, 22.571696, 22.613649, 22.497011, 22.538964, 22.580918, 22.622871, 22.664825, 24.635042, 24.676622, 24.718202, 24.759781, 24.801361, 24.686690, 24.728269, 24.769849, 24.811429, 24.853008, 24.738337, 24.779917, 24.821497, 24.863076, 24.904656, 24.789985, 24.831564, 24.873144, 24.914724, 24.956303, 24.841632, 24.883212, 24.924791, 24.966371, 25.007951, 24.893279, 24.934859, 24.976439, 25.018018, 25.059598, 24.944927, 24.986506, 25.028086, 25.069666, 25.111245, 24.996574, 25.038154, 25.079734, 25.121313, 25.162893, 25.048222, 25.089801, 25.131381, 25.172961, 25.214540


Plane Parameters
-0.006979, -0.006692, -0.006841, -0.006636, -0.006735, -0.006585, -0.006347, -0.006408, -0.006400, -0.006460
0.005098, 0.005132, 0.004977, 0.005209, 0.005164, 0.005289, 0.005049, 0.005252, 0.005241, 0.005193
-0.000859, -0.000483, -0.000714, -0.000488, -0.000642, -0.000629, -0.000113, -0.000812, -0.000498, -0.000727
-0.060320, -0.112767, -0.042776, -0.054267, 0.004749, 0.029319, -0.057879, 0.115346, 0.081083, 0.137394
-0.081466, -0.041651, -0.042580, -0.011158, -0.006138, 0.007219, 0.055050, 0.022500, 0.058362, 0.062007
0.426489, 3.099186, 5.812654, 8.544139, 11.315426, 14.070867, 16.745495, 19.576985, 22.376215, 24.924791
