Camera Matrices
BCL
2852.764416, -352.570703, 28.999507, 194743.667069
369.025753, 2381.923763, 1484.611420, 124133.002793
0.163933, -0.415202, 0.894837, 284.565922
BCR
2431.919119, -439.095183, 1343.410780, 204863.075411
-224.423402, 2390.148567, 1378.046322, 92861.779508
-0.291061, -0.368909, 0.882717, 283.053866
BL
2851.460141, -149.155192, -1177.306816, 198284.043579
725.918751, 2707.003476, 1197.788668, 104128.934513
0.528256, -0.338457, 0.778712, 354.729629
BR
1901.601083, -762.838600, 2160.202236, 278257.163307
-380.422457, 2572.146685, 1361.698680, 139942.233664
-0.612806, -0.318085, 0.723388, 365.686424
TC
2823.180664, 7.646476, 769.952076, 185982.939654
-15.285374, 2860.718459, 360.124958, 47471.069149
-0.045756, 0.013838, 0.998857, 252.589195
TL
2774.465570, -89.292920, -1279.291581, 186957.268454
347.188439, 2975.387839, 345.176432, 111281.689618
0.598818, -0.028291, 0.800385, 340.978089
TR
1951.203347, 63.559933, 2411.264795, 242871.263918
-222.290230, 3046.981266, 205.729175, 48544.694082
-0.630953, 0.032911, 0.775123, 351.068758


Camera Parameters
BCL
-51.463874
114.948240
-255.244872
0.428165
0.181189
-0.034069
2802.465323
BCR
73.818871
111.949452
-249.535094
0.377834
-0.318507
-0.079821
2739.012176
BL
-177.346401
132.030118
-277.841871
0.345276
0.596062
0.023728
3021.510143
BR
211.997274
121.266055
-272.606413
0.323709
-0.702827
-0.204292
2907.728170
TC
3.067162
15.265102
-252.949271
-0.013839
-0.045776
-0.000424
2855.456834
TL
-195.510694
17.793047
-279.114801
0.028295
0.642324
-0.023830
2988.748797
TR
217.160348
18.609492
-276.940998
-0.032917
-0.683222
0.014007
3035.758929


World Points
-20.080220, -20.079201, -20.078182, -20.077163, -20.076144, -15.080227, -15.079208, -15.078189, -15.077170, -15.076152, -10.080234, -10.079215, -10.078197, -10.077178, -10.076159, -5.080241, -5.079223, -5.078204, -5.077185, -5.076166, -0.080249, -0.079230, -0.078211, -0.077192, -0.076173, 4.919744, 4.920763, 4.921782, 4.922801, 4.923819, 9.919737, 9.920756, 9.921775, 9.922793, 9.923812, 14.919730, 14.920749, 14.921767, 14.922786, 14.923805, 19.919723, 19.920741, 19.921760, 19.922779, 19.923798, -20.088278, -20.087896, -20.087515, -20.087134, -20.086752, -15.088285, -15.087903, -15.087522, -15.087141, -15.086759, -10.088292, -10.087910, -10.087529, -10.087147, -10.086766, -5.088298, -5.087917, -5.087536, -5.087154, -5.086773, -0.088305, -0.087924, -0.087542, -0.087161, -0.086780, 4.911688, 4.912069, 4.912451, 4.912832, 4.913214, 9.911681, 9.912063, 9.912444, 9.912825, 9.913207, 14.911674, 14.912056, 14.912437, 14.912819, 14.913200, 19.911668, 19.912049, 19.912430, 19.912812, 19.913193, -20.074599, -20.073957, -20.073315, -20.072674, -20.072032, -15.074607, -15.073965, -15.073323, -15.072681, -15.072040, -10.074614, -10.073973, -10.073331, -10.072689, -10.072047, -5.074622, -5.073980, -5.073339, -5.072697, -5.072055, -0.074630, -0.073988, -0.073346, -0.072705, -0.072063, 4.925363, 4.926004, 4.926646, 4.927288, 4.927929, 9.925355, 9.925997, 9.926638, 9.927280, 9.927922, 14.925347, 14.925989, 14.926631, 14.927272, 14.927914, 19.925340, 19.925981, 19.926623, 19.927265, 19.927906, -20.081250, -20.080996, -20.080742, -20.080488, -20.080234, -15.081256, -15.081002, -15.080748, -15.080494, -15.080240, -10.081263, -10.081009, -10.080755, -10.080501, -10.080247, -5.081269, -5.081015, -5.080761, -5.080507, -5.080253, -0.081276, -0.081022, -0.080768, -0.080514, -0.080260, 4.918718, 4.918972, 4.919226, 4.919480, 4.919734, 9.918711, 9.918965, 9.919219, 9.919473, 9.919727, 14.918705, 14.918959, 14.919213, 14.919467, 14.919721, 19.918698, 19.918952, 19.919206, 19.919460, 19.919714, -20.097004, -20.097646, -20.098288, -20.098930, -20.099572, -15.097010, -15.097652, -15.098294, -15.098936, -15.099578, -10.097016, -10.097658, -10.098300, -10.098942, -10.099584, -5.097022, -5.097664, -5.098306, -5.098948, -5.099590, -0.097028, -0.097670, -0.098312, -0.098954, -0.099595, 4.902966, 4.902324, 4.901682, 4.901040, 4.900399, 9.902960, 9.902318, 9.901676, 9.901035, 9.900393, 14.902954, 14.902312, 14.901671, 14.901029, 14.900387, 19.902948, 19.902307, 19.901665, 19.901023, 19.900381, -20.069742, -20.069697, -20.069651, -20.069606, -20.069560, -15.069749, -15.069704, -15.069658, -15.069613, -15.069567, -10.069756, -10.069711, -10.069665, -10.069620, -10.069574, -5.069763, -5.069718, -5.069672, -5.069627, -5.069581, -0.069770, -0.069724, -0.069679, -0.069633, -0.069588, 4.930223, 4.930269, 4.930314, 4.930360, 4.930405, 9.930216, 9.930262, 9.930307, 9.930353, 9.930398, 14.930209, 14.930255, 14.930300, 14.930346, 14.930391, 19.930202, 19.930248, 19.930293, 19.930339, 19.930384, -20.094336, -20.095921, -20.097506, -20.099090, -20.100675, -15.094341, -15.095926, -15.097511, -15.099096, -15.100680, -10.094347, -10.095931, -10.097516, -10.099101, -10.100686, -5.094352, -5.095937, -5.097521, -5.099106, -5.100691, -0.094357, -0.095942, -0.097527, -0.099112, -0.100696, 4.905637, 4.904053, 4.902468, 4.900883, 4.899298, 9.905632, 9.904047, 9.902463, 9.900878, 9.899293, 14.905627, 14.904042, 14.902457, 14.900873, 14.899288, 19.905622, 19.904037, 19.902452, 19.900867, 19.899283, -20.031413, -20.030490, -20.029566, -20.028643, -20.027720, -15.031419, -15.030495, -15.029572, -15.028648, -15.027725, -10.031424, -10.030501, -10.029577, -10.028654, -10.027731, -5.031430, -5.030506, -5.029583, -5.028659, -5.027736, -0.031435, -0.030512, -0.029588, -0.028665, -0.027741, 4.968559, 4.969483, 4.970406, 4.971330, 4.972253, 9.968554, 9.969477, 9.970401, 9.971324, 9.972248, 14.968549, 14.969472, 14.970395, 14.971319, 14.972242, 19.968543, 19.969466, 19.970390, 19.971313, 19.972237, -20.043774, -20.043357, -20.042939, -20.042521, -20.042104, -15.043780, -15.043363, -15.042945, -15.042528, -15.042110, -10.043787, -10.043369, -10.042952, -10.042534, -10.042117, -5.043793, -5.043376, -5.042958, -5.042541, -5.042123, -0.043800, -0.043382, -0.042965, -0.042547, -0.042129, 4.956194, 4.956612, 4.957029, 4.957447, 4.957864, 9.956188, 9.956605, 9.957023, 9.957440, 9.957858, 14.956181, 14.956599, 14.957016, 14.957434, 14.957851, 19.956175, 19.956592, 19.957010, 19.957427, 19.957845, -20.085396, -20.087116, -20.088836, -20.090556, -20.092276, -15.085404, -15.087123, -15.088843, -15.090563, -15.092283, -10.085411, -10.087131, -10.088850, -10.090570, -10.092290, -5.085418, -5.087138, -5.088858, -5.090577, -5.092297, -0.085425, -0.087145, -0.088865, -0.090585, -0.092304, 4.914568, 4.912848, 4.911128, 4.909408, 4.907688, 9.914561, 9.912841, 9.911121, 9.909401, 9.907681, 14.914554, 14.912834, 14.911114, 14.909394, 14.907674, 19.914547, 19.912827, 19.911107, 19.909387, 19.907667, -20.003496, -20.002117, -20.000737, -19.999358, -19.997978, -15.003504, -15.002124, -15.000745, -14.999365, -14.997985, -10.003511, -10.002132, -10.000752, -9.999372, -9.997993, -5.003519, -5.002139, -5.000759, -4.999380, -4.998000, -0.003526, -0.002146, -0.000767, 0.000613, 0.001993, 4.996467, 4.997846, 4.999226, 5.000606, 5.001985, 9.996459, 9.997839, 9.999219, 10.000598, 10.001978, 14.996452, 14.997832, 14.999211, 15.000591, 15.001971, 19.996445, 19.997824, 19.999204, 20.000584, 20.001963, -20.042344, -20.042834, -20.043324, -20.043813, -20.044303, -15.042350, -15.042839, -15.043329, -15.043818, -15.044308, -10.042355, -10.042844, -10.043334, -10.043824, -10.044313, -5.042360, -5.042850, -5.043339, -5.043829, -5.044318, -0.042365, -0.042855, -0.043345, -0.043834, -0.044324, 4.957629, 4.957140, 4.956650, 4.956161, 4.955671, 9.957624, 9.957135, 9.956645, 9.956155, 9.955666, 14.957619, 14.957129, 14.956640, 14.956150, 14.955661, 19.957614, 19.957124, 19.956635, 19.956145, 19.955655, -20.031585, -20.031681, -20.031777, -20.031873, -20.031970, -15.031591, -15.031687, -15.031783, -15.031879, -15.031975, -10.031597, -10.031693, -10.031789, -10.031885, -10.031981, -5.031603, -5.031699, -5.031795, -5.031891, -5.031987, -0.031609, -0.031705, -0.031801, -0.031897, -0.031993, 4.968386, 4.968290, 4.968193, 4.968097, 4.968001, 9.968380, 9.968284, 9.968188, 9.968092, 9.967995, 14.968374, 14.968278, 14.968182, 14.968086, 14.967990, 19.968368, 19.968272, 19.968176, 19.968080, 19.967984, -19.992551, -19.991389, -19.990228, -19.989067, -19.987905, -14.992557, -14.991396, -14.990234, -14.989073, -14.987912, -9.992564, -9.991402, -9.990241, -9.989079, -9.987918, -4.992570, -4.991409, -4.990247, -4.989086, -4.987924, 0.007424, 0.008585, 0.009746, 0.010908, 0.012069, 5.007417, 5.008579, 5.009740, 5.010901, 5.012063, 10.007411, 10.008572, 10.009733, 10.010895, 10.012056, 15.007404, 15.008566, 15.009727, 15.010888, 15.012050, 20.007398, 20.008559, 20.009721, 20.010882, 20.012043, -19.986617, -19.985456, -19.984295, -19.983134, -19.981973, -14.986624, -14.985463, -14.984302, -14.983142, -14.981981, -9.986632, -9.985471, -9.984310, -9.983149, -9.981988, -4.986639, -4.985478, -4.984317, -4.983156, -4.981995, 0.013354, 0.014515, 0.015675, 0.016836, 0.017997, 5.013346, 5.014507, 5.015668, 5.016829, 5.017990, 10.013339, 10.014500, 10.015661, 10.016822, 10.017983, 15.013332, 15.014492, 15.015653, 15.016814, 15.017975, 20.013324, 20.014485, 20.015646, 20.016807, 20.017968, -20.004639, -20.004787, -20.004935, -20.005083, -20.005231, -15.004644, -15.004792, -15.004940, -15.005088, -15.005236, -10.004650, -10.004798, -10.004946, -10.005093, -10.005241, -5.004655, -5.004803, -5.004951, -5.005099, -5.005247, -0.004661, -0.004809, -0.004956, -0.005104, -0.005252, 4.995334, 4.995186, 4.995038, 4.994890, 4.994742, 9.995329, 9.995181, 9.995033, 9.994885, 9.994737, 14.995323, 14.995175, 14.995027, 14.994879, 14.994731, 19.995318, 19.995170, 19.995022, 19.994874, 19.994726, -19.948097, -19.947418, -19.946738, -19.946058, -19.945378, -14.948099, -14.947420, -14.946740, -14.946060, -14.945381, -9.948102, -9.947422, -9.946742, -9.946062, -9.945383, -4.948104, -4.947424, -4.946744, -4.946064, -4.945385, 0.051894, 0.052574, 0.053254, 0.053933, 0.054613, 5.051892, 5.052572, 5.053252, 5.053931, 5.054611, 10.051890, 10.052570, 10.053249, 10.053929, 10.054609, 15.051888, 15.052568, 15.053247, 15.053927, 15.054607, 20.051886, 20.052565, 20.053245, 20.053925, 20.054605, -19.953105, -19.953038, -19.952971, -19.952903, -19.952836, -14.953107, -14.953040, -14.952972, -14.952905, -14.952838, -9.953108, -9.953041, -9.952974, -9.952906, -9.952839, -4.953110, -4.953043, -4.952975, -4.952908, -4.952841, 0.046888, 0.046956, 0.047023, 0.047090, 0.047158, 5.046887, 5.046954, 5.047022, 5.047089, 5.047156, 10.046885, 10.046953, 10.047020, 10.047087, 10.047155, 15.046884, 15.046951, 15.047018, 15.047086, 15.047153, 20.046882, 20.046950, 20.047017, 20.047084, 20.047152, -19.980249, -19.981374, -19.982499, -19.983624, -19.984749, -14.980252, -14.981377, -14.982502, -14.983627, -14.984752, -9.980255, -9.981380, -9.982504, -9.983629, -9.984754, -4.980257, -4.981382, -4.982507, -4.983632, -4.984757, 0.019740, 0.018615, 0.017490, 0.016365, 0.015241, 5.019737, 5.018612, 5.017488, 5.016363, 5.015238, 10.019735, 10.018610, 10.017485, 10.016360, 10.015235, 15.019732, 15.018607, 15.017482, 15.016357, 15.015233, 20.019729, 20.018604, 20.017480, 20.016355, 20.015230, -19.923893, -19.922753, -19.921613, -19.920472, -19.919332, -14.923896, -14.922755, -14.921615, -14.920474, -14.919334, -9.923898, -9.922758, -9.921617, -9.920477, -9.919336, -4.923901, -4.922760, -4.921620, -4.920479, -4.919339, 0.076097, 0.077238, 0.078378, 0.079518, 0.080659, 5.076095, 5.077235, 5.078376, 5.079516, 5.080656, 10.076092, 10.077233, 10.078373, 10.079514, 10.080654, 15.076090, 15.077230, 15.078371, 15.079511, 15.080652, 20.076088, 20.077228, 20.078368, 20.079509, 20.080649, -19.939632, -19.939537, -19.939442, -19.939347, -19.939252, -14.939634, -14.939539, -14.939444, -14.939349, -14.939254, -9.939636, -9.939542, -9.939447, -9.939352, -9.939257, -4.939639, -4.939544, -4.939449, -4.939354, -4.939259, 0.060359, 0.060454, 0.060549, 0.060644, 0.060739, 5.060357, 5.060452, 5.060547, 5.060642, 5.060737, 10.060355, 10.060450, 10.060545, 10.060640, 10.060735, 15.060353, 15.060448, 15.060543, 15.060638, 15.060733, 20.060351, 20.060446, 20.060541, 20.060636, 20.060731, -19.905716, -19.904373, -19.903030, -19.901687, -19.900345, -14.905719, -14.904376, -14.903033, -14.901690, -14.900347, -9.905721, -9.904378, -9.903036, -9.901693, -9.900350, -4.905724, -4.904381, -4.903038, -4.901695, -4.900352, 0.094274, 0.095616, 0.096959, 0.098302, 0.099645, 5.094271, 5.095614, 5.096957, 5.098300, 5.099642, 10.094268, 10.095611, 10.096954, 10.098297, 10.099640, 15.094266, 15.095609, 15.096952, 15.098294, 15.099637, 20.094263, 20.095606, 20.096949, 20.098292, 20.099635, -19.916837, -19.916368, -19.915898, -19.915428, -19.914959, -14.916839, -14.916369, -14.915899, -14.915430, -14.914960, -9.916840, -9.916371, -9.915901, -9.915431, -9.914962, -4.916842, -4.916372, -4.915902, -4.915433, -4.914963, 0.083157, 0.083626, 0.084096, 0.084566, 0.085035, 5.083155, 5.083625, 5.084095, 5.084564, 5.085034, 10.083154, 10.083623, 10.084093, 10.084563, 10.085032, 15.083152, 15.083622, 15.084092, 15.084561, 15.085031, 20.083151, 20.083620, 20.084090, 20.084560, 20.085029, -19.915776, -19.915275, -19.914773, -19.914271, -19.913770, -14.915779, -14.915277, -14.914776, -14.914274, -14.913772, -9.915781, -9.915280, -9.914778, -9.914276, -9.913775, -4.915784, -4.915282, -4.914781, -4.914279, -4.913777, 0.084213, 0.084715, 0.085217, 0.085718, 0.086220, 5.084211, 5.084713, 5.085214, 5.085716, 5.086218, 10.084208, 10.084710, 10.085212, 10.085713, 10.086215, 15.084206, 15.084707, 15.085209, 15.085711, 15.086213, 20.084203, 20.084705, 20.085207, 20.085708, 20.086210, -19.890680, -19.889382, -19.888085, -19.886787, -19.885489, -14.890683, -14.889385, -14.888087, -14.886789, -14.885491, -9.890685, -9.889387, -9.888089, -9.886791, -9.885493, -4.890688, -4.889390, -4.888092, -4.886794, -4.885496, 0.109310, 0.110608, 0.111906, 0.113204, 0.114502, 5.109308, 5.110606, 5.111903, 5.113201, 5.114499, 10.109305, 10.110603, 10.111901, 10.113199, 10.114497, 15.109303, 15.110601, 15.111899, 15.113197, 15.114495, 20.109300, 20.110598, 20.111896, 20.113194, 20.114492, -19.920114, -19.920427, -19.920740, -19.921052, -19.921365, -14.920116, -14.920429, -14.920741, -14.921054, -14.921367, -9.920118, -9.920430, -9.920743, -9.921056, -9.921369, -4.920119, -4.920432, -4.920745, -4.921058, -4.921371, 0.079879, 0.079566, 0.079253, 0.078940, 0.078628, 5.079877, 5.079564, 5.079251, 5.078939, 5.078626, 10.079875, 10.079562, 10.079250, 10.078937, 10.078624, 15.079873, 15.079561, 15.079248, 15.078935, 15.078622, 20.079872, 20.079559, 20.079246, 20.078933, 20.078621, -19.902915, -19.902865, -19.902814, -19.902764, -19.902714, -14.902917, -14.902867, -14.902816, -14.902766, -14.902716, -9.902919, -9.902869, -9.902818, -9.902768, -9.902718, -4.902921, -4.902870, -4.902820, -4.902770, -4.902720, 0.097077, 0.097128, 0.097178, 0.097228, 0.097278, 5.097075, 5.097126, 5.097176, 5.097226, 5.097276, 10.097073, 10.097124, 10.097174, 10.097224, 10.097274, 15.097072, 15.097122, 15.097172, 15.097222, 15.097273, 20.097070, 20.097120, 20.097170, 20.097220, 20.097271
-9.889260, -4.893822, 0.101617, 5.097055, 10.092494, -9.890639, -4.895200, 0.100238, 5.095677, 10.091115, -9.892017, -4.896578, 0.098860, 5.094298, 10.089737, -9.893395, -4.897957, 0.097482, 5.092920, 10.088358, -9.894774, -4.899335, 0.096103, 5.091542, 10.086980, -9.896152, -4.900714, 0.094725, 5.090163, 10.085602, -9.897530, -4.902092, 0.093347, 5.088785, 10.084223, -9.898909, -4.903470, 0.091968, 5.087407, 10.082845, -9.900287, -4.904849, 0.090590, 5.086028, 10.081467, -9.892826, -4.897385, 0.098057, 5.093498, 10.088939, -9.893559, -4.898118, 0.097323, 5.092765, 10.088206, -9.894293, -4.898851, 0.096590, 5.092031, 10.087473, -9.895026, -4.899585, 0.095857, 5.091298, 10.086739, -9.895759, -4.900318, 0.095123, 5.090565, 10.086006, -9.896493, -4.901051, 0.094390, 5.089831, 10.085273, -9.897226, -4.901785, 0.093657, 5.089098, 10.084539, -9.897959, -4.902518, 0.092923, 5.088365, 10.083806, -9.898693, -4.903251, 0.092190, 5.087631, 10.083073, -9.902070, -4.906608, 0.088854, 5.084316, 10.079778, -9.903084, -4.907622, 0.087840, 5.083302, 10.078764, -9.904098, -4.908636, 0.086826, 5.082288, 10.077750, -9.905112, -4.909650, 0.085812, 5.081274, 10.076736, -9.906126, -4.910664, 0.084798, 5.080260, 10.075722, -9.907140, -4.911678, 0.083784, 5.079246, 10.074708, -9.908154, -4.912692, 0.082770, 5.078232, 10.073694, -9.909168, -4.913706, 0.081756, 5.077218, 10.072680, -9.910182, -4.914720, 0.080742, 5.076204, 10.071666, -9.909178, -4.913738, 0.081703, 5.077143, 10.072583, -9.909776, -4.914335, 0.081105, 5.076545, 10.071986, -9.910373, -4.914933, 0.080507, 5.075947, 10.071388, -9.910971, -4.915531, 0.079909, 5.075350, 10.070790, -9.911569, -4.916129, 0.079312, 5.074752, 10.070192, -9.912167, -4.916726, 0.078714, 5.074154, 10.069595, -9.912764, -4.917324, 0.078116, 5.073557, 10.068997, -9.913362, -4.917922, 0.077518, 5.072959, 10.068399, -9.913960, -4.918520, 0.076921, 5.072361, 10.067801, -9.915009, -4.919559, 0.075891, 5.071341, 10.066791, -9.914695, -4.919245, 0.076205, 5.071655, 10.067105, -9.914380, -4.918930, 0.076520, 5.071970, 10.067420, -9.914065, -4.918615, 0.076835, 5.072285, 10.067735, -9.913751, -4.918301, 0.077149, 5.072599, 10.068049, -9.913436, -4.917986, 0.077464, 5.072914, 10.068364, -9.913121, -4.917671, 0.077779, 5.073229, 10.068679, -9.912807, -4.917357, 0.078093, 5.073543, 10.068993, -9.912492, -4.917042, 0.078408, 5.073858, 10.069308, -9.922078, -4.926677, 0.068723, 5.064124, 10.059524, -9.922480, -4.927079, 0.068321, 5.063722, 10.059122, -9.922882, -4.927482, 0.067919, 5.063319, 10.058720, -9.923284, -4.927884, 0.067517, 5.062917, 10.058318, -9.923687, -4.928286, 0.067114, 5.062515, 10.057915, -9.924089, -4.928688, 0.066712, 5.062113, 10.057513, -9.924491, -4.929091, 0.066310, 5.061710, 10.057111, -9.924894, -4.929493, 0.065908, 5.061308, 10.056709, -9.925296, -4.929895, 0.065505, 5.060906, 10.056306, -9.926405, -4.930959, 0.064488, 5.059935, 10.055381, -9.925125, -4.929678, 0.065769, 5.061215, 10.056662, -9.923844, -4.928398, 0.067049, 5.062496, 10.057942, -9.922564, -4.927117, 0.068329, 5.063776, 10.059223, -9.921283, -4.925837, 0.069610, 5.065057, 10.060503, -9.920003, -4.924556, 0.070890, 5.066337, 10.061784, -9.918723, -4.923276, 0.072171, 5.067618, 10.063064, -9.917442, -4.921995, 0.073451, 5.068898, 10.064345, -9.916162, -4.920715, 0.074732, 5.070178, 10.065625, -9.943671, -4.948241, 0.047189, 5.042619, 10.038050, -9.944907, -4.949477, 0.045953, 5.041383, 10.036813, -9.946143, -4.950713, 0.044717, 5.040147, 10.035577, -9.947379, -4.951949, 0.043481, 5.038911, 10.034341, -9.948615, -4.953185, 0.042245, 5.037675, 10.033105, -9.949851, -4.954421, 0.041009, 5.036439, 10.031869, -9.951087, -4.955657, 0.039773, 5.035203, 10.030633, -9.952324, -4.956893, 0.038537, 5.033967, 10.029397, -9.953560, -4.958130, 0.037301, 5.032731, 10.028161, -9.948418, -4.952945, 0.042528, 5.038001, 10.033474, -9.949174, -4.953701, 0.041772, 5.037245, 10.032718, -9.949931, -4.954458, 0.041015, 5.036488, 10.031961, -9.950687, -4.955214, 0.040259, 5.035732, 10.031205, -9.951443, -4.955971, 0.039502, 5.034975, 10.030448, -9.952200, -4.956727, 0.038746, 5.034219, 10.029692, -9.952956, -4.957483, 0.037990, 5.033463, 10.028936, -9.953713, -4.958240, 0.037233, 5.032706, 10.028179, -9.954469, -4.958996, 0.036477, 5.031950, 10.027423, -9.946694, -4.951203, 0.044288, 5.039779, 10.035270, -9.945326, -4.949835, 0.045656, 5.041148, 10.036639, -9.943958, -4.948467, 0.047025, 5.042516, 10.038007, -9.942589, -4.947098, 0.048393, 5.043884, 10.039375, -9.941221, -4.945730, 0.049761, 5.045253, 10.040744, -9.939853, -4.944361, 0.051130, 5.046621, 10.042112, -9.938484, -4.942993, 0.052498, 5.047989, 10.043481, -9.937116, -4.941625, 0.053866, 5.049358, 10.044849, -9.935748, -4.940256, 0.055235, 5.050726, 10.046217, -9.968792, -4.973349, 0.022095, 5.017539, 10.012983, -9.970532, -4.975088, 0.020356, 5.015799, 10.011243, -9.972272, -4.976828, 0.018616, 5.014060, 10.009504, -9.974011, -4.978567, 0.016876, 5.012320, 10.007764, -9.975751, -4.980307, 0.015137, 5.010581, 10.006024, -9.977490, -4.982047, 0.013397, 5.008841, 10.004285, -9.979230, -4.983786, 0.011658, 5.007102, 10.002545, -9.980970, -4.985526, 0.009918, 5.005362, 10.000806, -9.982709, -4.987265, 0.008179, 5.003622, 9.999066, -9.969817, -4.974363, 0.021090, 5.016544, 10.011997, -9.969636, -4.974182, 0.021271, 5.016725, 10.012179, -9.969455, -4.974001, 0.021453, 5.016906, 10.012360, -9.969274, -4.973820, 0.021634, 5.017087, 10.012541, -9.969092, -4.973639, 0.021815, 5.017268, 10.012722, -9.968911, -4.973458, 0.021996, 5.017449, 10.012903, -9.968730, -4.973277, 0.022177, 5.017631, 10.013084, -9.968549, -4.973095, 0.022358, 5.017812, 10.013265, -9.968368, -4.972914, 0.022539, 5.017993, 10.013446, -9.975724, -4.980223, 0.015278, 5.010779, 10.006280, -9.975952, -4.980451, 0.015050, 5.010550, 10.006051, -9.976180, -4.980679, 0.014821, 5.010322, 10.005823, -9.976408, -4.980908, 0.014593, 5.010094, 10.005595, -9.976637, -4.981136, 0.014365, 5.009866, 10.005366, -9.976865, -4.981364, 0.014137, 5.009637, 10.005138, -9.977093, -4.981592, 0.013908, 5.009409, 10.004910, -9.977321, -4.981821, 0.013680, 5.009181, 10.004682, -9.977550, -4.982049, 0.013452, 5.008953, 10.004453, -9.992233, -4.996780, -0.001326, 4.994127, 9.989581, -9.993732, -4.998278, -0.002825, 4.992628, 9.988082, -9.995230, -4.999777, -0.004324, 4.991130, 9.986583, -9.996729, -5.001276, -0.005822, 4.989631, 9.985084, -9.998228, -5.002774, -0.007321, 4.988132, 9.983586, -9.999726, -5.004273, -0.008820, 4.986634, 9.982087, -10.001225, -5.005772, -0.010318, 4.985135, 9.980588, -10.002724, -5.007270, -0.011817, 4.983636, 9.979090, -10.004222, -5.008769, -0.013316, 4.982138, 9.977591, -9.999031, -5.003608, -0.008185, 4.987238, 9.982661, -10.000555, -5.005131, -0.009708, 4.985715, 9.981138, -10.002078, -5.006655, -0.011232, 4.984191, 9.979614, -10.003601, -5.008178, -0.012755, 4.982668, 9.978091, -10.005125, -5.009701, -0.014278, 4.981145, 9.976568, -10.006648, -5.011225, -0.015802, 4.979621, 9.975044, -10.008171, -5.012748, -0.017325, 4.978098, 9.973521, -10.009695, -5.014271, -0.018848, 4.976575, 9.971998, -10.011218, -5.015795, -0.020372, 4.975051, 9.970474, -10.000975, -5.005502, -0.010029, 4.985444, 9.980917, -10.001140, -5.005668, -0.010195, 4.985278, 9.980751, -10.001306, -5.005833, -0.010360, 4.985113, 9.980585, -10.001472, -5.005999, -0.010526, 4.984947, 9.980420, -10.001638, -5.006165, -0.010692, 4.984781, 9.980254, -10.001803, -5.006331, -0.010858, 4.984615, 9.980088, -10.001969, -5.006496, -0.011023, 4.984450, 9.979922, -10.002135, -5.006662, -0.011189, 4.984284, 9.979757, -10.002301, -5.006828, -0.011355, 4.984118, 9.979591, -10.018644, -5.023147, -0.027650, 4.967847, 9.963344, -10.019517, -5.024020, -0.028523, 4.966974, 9.962471, -10.020389, -5.024892, -0.029396, 4.966101, 9.961598, -10.021262, -5.025765, -0.030268, 4.965229, 9.960725, -10.022135, -5.026638, -0.031141, 4.964356, 9.959853, -10.023008, -5.027511, -0.032014, 4.963483, 9.958980, -10.023881, -5.028384, -0.032887, 4.962610, 9.958107, -10.024754, -5.029257, -0.033760, 4.961737, 9.957234, -10.025627, -5.030130, -0.034633, 4.960864, 9.956361, -10.024090, -5.028633, -0.033176, 4.962280, 9.957737, -10.024325, -5.028868, -0.033411, 4.962045, 9.957502, -10.024559, -5.029103, -0.033646, 4.961811, 9.957267, -10.024794, -5.029338, -0.033881, 4.961576, 9.957032, -10.025029, -5.029573, -0.034116, 4.961341, 9.956797, -10.025264, -5.029808, -0.034351, 4.961106, 9.956562, -10.025499, -5.030043, -0.034586, 4.960871, 9.956327, -10.025734, -5.030277, -0.034821, 4.960636, 9.956092, -10.025969, -5.030512, -0.035056, 4.960401, 9.955858, -10.021628, -5.026099, -0.030570, 4.964959, 9.960488, -10.020716, -5.025187, -0.029658, 4.965871, 9.961400, -10.019804, -5.024275, -0.028746, 4.966783, 9.962312, -10.018893, -5.023364, -0.027835, 4.967694, 9.963223, -10.017981, -5.022452, -0.026923, 4.968606, 9.964135, -10.017069, -5.021540, -0.026011, 4.969517, 9.965046, -10.016158, -5.020629, -0.025100, 4.970429, 9.965958, -10.015246, -5.019717, -0.024188, 4.971341, 9.966870, -10.014335, -5.018806, -0.023277, 4.972252, 9.967781, -10.039478, -5.043989, -0.048501, 4.946987, 9.942475, -10.040818, -5.045330, -0.049842, 4.945646, 9.941134, -10.042159, -5.046671, -0.051183, 4.944305, 9.939794, -10.043500, -5.048012, -0.052523, 4.942965, 9.938453, -10.044841, -5.049352, -0.053864, 4.941624, 9.937112, -10.046181, -5.050693, -0.055205, 4.940283, 9.935771, -10.047522, -5.052034, -0.056546, 4.938943, 9.934431, -10.048863, -5.053375, -0.057886, 4.937602, 9.933090, -10.050204, -5.054715, -0.059227, 4.936261, 9.931749, -10.043176, -5.047637, -0.052098, 4.943442, 9.938981, -10.043463, -5.047923, -0.052384, 4.943155, 9.938695, -10.043749, -5.048210, -0.052670, 4.942869, 9.938408, -10.044035, -5.048496, -0.052956, 4.942583, 9.938122, -10.044321, -5.048782, -0.053243, 4.942297, 9.937836, -10.044608, -5.049068, -0.053529, 4.942010, 9.937550, -10.044894, -5.049355, -0.053815, 4.941724, 9.937263, -10.045180, -5.049641, -0.054102, 4.941438, 9.936977, -10.045467, -5.049927, -0.054388, 4.941151, 9.936691, -10.052884, -5.057394, -0.061904, 4.933586, 9.929076, -10.054434, -5.058944, -0.063454, 4.932036, 9.927525, -10.055984, -5.060494, -0.065004, 4.930485, 9.925975, -10.057534, -5.062044, -0.066555, 4.928935, 9.924425, -10.059084, -5.063595, -0.068105, 4.927385, 9.922875, -10.060635, -5.065145, -0.069655, 4.925835, 9.921324, -10.062185, -5.066695, -0.071205, 4.924284, 9.919774, -10.063735, -5.068245, -0.072756, 4.922734, 9.918224, -10.065285, -5.069796, -0.074306, 4.921184, 9.916674, -10.056409, -5.060901, -0.065392, 4.930116, 9.925624, -10.057042, -5.061534, -0.066026, 4.929483, 9.924991, -10.057675, -5.062167, -0.066659, 4.928850, 9.924358, -10.058309, -5.062800, -0.067292, 4.928216, 9.923725, -10.058942, -5.063433, -0.067925, 4.927583, 9.923091, -10.059575, -5.064067, -0.068558, 4.926950, 9.922458, -10.060208, -5.064700, -0.069192, 4.926317, 9.921825, -10.060841, -5.065333, -0.069825, 4.925684, 9.921192, -10.061475, -5.065966, -0.070458, 4.925050, 9.920559, -10.061456, -5.065988, -0.070520, 4.924948, 9.920416, -10.062171, -5.066703, -0.071235, 4.924233, 9.919701, -10.062886, -5.067418, -0.071950, 4.923518, 9.918985, -10.063601, -5.068133, -0.072665, 4.922802, 9.918270, -10.064316, -5.068848, -0.073381, 4.922087, 9.917555, -10.065032, -5.069564, -0.074096, 4.921372, 9.916840, -10.065747, -5.070279, -0.074811, 4.920657, 9.916125, -10.066462, -5.070994, -0.075526, 4.919942, 9.915410, -10.067177, -5.071709, -0.076241, 4.919227, 9.914694, -10.072663, -5.077148, -0.081633, 4.913881, 9.909396, -10.074160, -5.078645, -0.083130, 4.912385, 9.907900, -10.075657, -5.080142, -0.084627, 4.910888, 9.906403, -10.077153, -5.081639, -0.086124, 4.909391, 9.904906, -10.078650, -5.083135, -0.087620, 4.907894, 9.903409, -10.080147, -5.084632, -0.089117, 4.906398, 9.901912, -10.081644, -5.086129, -0.090614, 4.904901, 9.900416, -10.083140, -5.087626, -0.092111, 4.903404, 9.898919, -10.084637, -5.089122, -0.093608, 4.901907, 9.897422, -10.074167, -5.078619, -0.083071, 4.912477, 9.908025, -10.074032, -5.078484, -0.082936, 4.912611, 9.908159, -10.073897, -5.078350, -0.082802, 4.912746, 9.908294, -10.073763, -5.078215, -0.082667, 4.912881, 9.908428, -10.073628, -5.078080, -0.082533, 4.913015, 9.908563, -10.073494, -5.077946, -0.082398, 4.913150, 9.908698, -10.073359, -5.077811, -0.082263, 4.913284, 9.908832, -10.073224, -5.077677, -0.082129, 4.913419, 9.908967, -10.073090, -5.077542, -0.081994, 4.913554, 9.909101, -10.081086, -5.085524, -0.089961, 4.905601, 9.901164, -10.081322, -5.085759, -0.090197, 4.905366, 9.900928, -10.081558, -5.085995, -0.090432, 4.905130, 9.900693, -10.081793, -5.086231, -0.090668, 4.904895, 9.900457, -10.082029, -5.086466, -0.090904, 4.904659, 9.900222, -10.082264, -5.086702, -0.091139, 4.904423, 9.899986, -10.082500, -5.086937, -0.091375, 4.904188, 9.899750, -10.082736, -5.087173, -0.091610, 4.903952, 9.899515, -10.082971, -5.087409, -0.091846, 4.903717, 9.899279
-5.149056, -4.935529, -4.722003, -4.508476, -4.294949, -5.140666, -4.927139, -4.713612, -4.500085, -4.286559, -5.132276, -4.918749, -4.705222, -4.491695, -4.278168, -5.123885, -4.910358, -4.696832, -4.483305, -4.269778, -5.115495, -4.901968, -4.688441, -4.474914, -4.261387, -5.107104, -4.893578, -4.680051, -4.466524, -4.252997, -5.098714, -4.885187, -4.671660, -4.458134, -4.244607, -5.090324, -4.876797, -4.663270, -4.449743, -4.236216, -5.081933, -4.868406, -4.654880, -4.441353, -4.227826, -4.569479, -4.356019, -4.142558, -3.929097, -3.715636, -4.561251, -4.347791, -4.134330, -3.920869, -3.707408, -4.553023, -4.339562, -4.126102, -3.912641, -3.699180, -4.544795, -4.331334, -4.117873, -3.904413, -3.690952, -4.536567, -4.323106, -4.109645, -3.896185, -3.682724, -4.528339, -4.314878, -4.101417, -3.887956, -3.674496, -4.520110, -4.306650, -4.093189, -3.879728, -3.666268, -4.511882, -4.298422, -4.084961, -3.871500, -3.658039, -4.503654, -4.290193, -4.076733, -3.863272, -3.649811, -3.943519, -3.730538, -3.517557, -3.304576, -3.091595, -3.934800, -3.721819, -3.508838, -3.295857, -3.082877, -3.926082, -3.713101, -3.500120, -3.287139, -3.074158, -3.917363, -3.704382, -3.491401, -3.278420, -3.065439, -3.908644, -3.695663, -3.482682, -3.269702, -3.056721, -3.899926, -3.686945, -3.473964, -3.260983, -3.048002, -3.891207, -3.678226, -3.465245, -3.252264, -3.039283, -3.882488, -3.669507, -3.456527, -3.243546, -3.030565, -3.873770, -3.660789, -3.447808, -3.234827, -3.021846, -3.363625, -3.150140, -2.936655, -2.723170, -2.509684, -3.355587, -3.142102, -2.928617, -2.715131, -2.501646, -3.347549, -3.134064, -2.920579, -2.707093, -2.493608, -3.339511, -3.126026, -2.912540, -2.699055, -2.485570, -3.331473, -3.117988, -2.904502, -2.691017, -2.477532, -3.323435, -3.109949, -2.896464, -2.682979, -2.469494, -3.315396, -3.101911, -2.888426, -2.674941, -2.461456, -3.307358, -3.093873, -2.880388, -2.666903, -2.453418, -3.299320, -3.085835, -2.872350, -2.658865, -2.445380, -2.795339, -2.582081, -2.368823, -2.155565, -1.942307, -2.787660, -2.574402, -2.361144, -2.147887, -1.934629, -2.779982, -2.566724, -2.353466, -2.140208, -1.926950, -2.772303, -2.559046, -2.345788, -2.132530, -1.919272, -2.764625, -2.551367, -2.338109, -2.124851, -1.911593, -2.756947, -2.543689, -2.330431, -2.117173, -1.903915, -2.749268, -2.536010, -2.322752, -2.109495, -1.896237, -2.741590, -2.528332, -2.315074, -2.101816, -1.888558, -2.733911, -2.520653, -2.307396, -2.094138, -1.880880, -2.269970, -2.055556, -1.841141, -1.626727, -1.412312, -2.261659, -2.047245, -1.832830, -1.618416, -1.404001, -2.253349, -2.038934, -1.824520, -1.610105, -1.395691, -2.245038, -2.030623, -1.816209, -1.601794, -1.387380, -2.236727, -2.022313, -1.807898, -1.593484, -1.379069, -2.228417, -2.014002, -1.799587, -1.585173, -1.370758, -2.220106, -2.005691, -1.791277, -1.576862, -1.362448, -2.211795, -1.997380, -1.782966, -1.568551, -1.354137, -2.203484, -1.989070, -1.774655, -1.560241, -1.345826, -1.743771, -1.530441, -1.317111, -1.103780, -0.890450, -1.736612, -1.523282, -1.309952, -1.096622, -0.883291, -1.729453, -1.516123, -1.302793, -1.089463, -0.876133, -1.722295, -1.508965, -1.295634, -1.082304, -0.868974, -1.715136, -1.501806, -1.288476, -1.075145, -0.861815, -1.707977, -1.494647, -1.281317, -1.067987, -0.854657, -1.700819, -1.487488, -1.274158, -1.060828, -0.847498, -1.693660, -1.480330, -1.266999, -1.053669, -0.840339, -1.686501, -1.473171, -1.259841, -1.046511, -0.833180, -1.154614, -0.940892, -0.727171, -0.513449, -0.299727, -1.147325, -0.933603, -0.719882, -0.506160, -0.292438, -1.140036, -0.926315, -0.712593, -0.498871, -0.285149, -1.132747, -0.919026, -0.705304, -0.491582, -0.277860, -1.125458, -0.911737, -0.698015, -0.484293, -0.270571, -1.118170, -0.904448, -0.690726, -0.477004, -0.263282, -1.110881, -0.897159, -0.683437, -0.469715, -0.255993, -1.103592, -0.889870, -0.676148, -0.462426, -0.248704, -1.096303, -0.882581, -0.668859, -0.455137, -0.241415, -0.530640, -0.317921, -0.105201, 0.107518, 0.320237, -0.522689, -0.309969, -0.097250, 0.115469, 0.328188, -0.514737, -0.302018, -0.089299, 0.123420, 0.336140, -0.506786, -0.294067, -0.081347, 0.131372, 0.344091, -0.498834, -0.286115, -0.073396, 0.139323, 0.352042, -0.490883, -0.278164, -0.065445, 0.147275, 0.359994, -0.482932, -0.270213, -0.057493, 0.155226, 0.367945, -0.474980, -0.262261, -0.049542, 0.163177, 0.375896, -0.467029, -0.254310, -0.041591, 0.171129, 0.383848, 0.001356, 0.213640, 0.425924, 0.638208, 0.850492, 0.009666, 0.221950, 0.434234, 0.646518, 0.858802, 0.017975, 0.230259, 0.442543, 0.654827, 0.867111, 0.026285, 0.238569, 0.450853, 0.663137, 0.875421, 0.034594, 0.246878, 0.459162, 0.671447, 0.883731, 0.042904, 0.255188, 0.467472, 0.679756, 0.892040, 0.051213, 0.263498, 0.475782, 0.688066, 0.900350, 0.059523, 0.271807, 0.484091, 0.696375, 0.908659, 0.067833, 0.280117, 0.492401, 0.704685, 0.916969, 0.612327, 0.825726, 1.039126, 1.252525, 1.465924, 0.620724, 0.834123, 1.047522, 1.260922, 1.474321, 0.629121, 0.842520, 1.055919, 1.269318, 1.482718, 0.637518, 0.850917, 1.064316, 1.277715, 1.491115, 0.645915, 0.859314, 1.072713, 1.286112, 1.499511, 0.654311, 0.867711, 1.081110, 1.294509, 1.507908, 0.662708, 0.876107, 1.089507, 1.302906, 1.516305, 0.671105, 0.884504, 1.097904, 1.311303, 1.524702, 0.679502, 0.892901, 1.106300, 1.319700, 1.533099, 1.233533, 1.446707, 1.659882, 1.873056, 2.086231, 1.240772, 1.453947, 1.667121, 1.880295, 2.093470, 1.248011, 1.461186, 1.674360, 1.887535, 2.100709, 1.255251, 1.468425, 1.681599, 1.894774, 2.107948, 1.262490, 1.475664, 1.688839, 1.902013, 2.115187, 1.269729, 1.482903, 1.696078, 1.909252, 2.122427, 1.276968, 1.490143, 1.703317, 1.916491, 2.129666, 1.284208, 1.497382, 1.710556, 1.923731, 2.136905, 1.291447, 1.504621, 1.717795, 1.930970, 2.144144, 1.693099, 1.905165, 2.117232, 2.329298, 2.541364, 1.700742, 1.912808, 2.124875, 2.336941, 2.549007, 1.708385, 1.920451, 2.132518, 2.344584, 2.556650, 1.716028, 1.928094, 2.140161, 2.352227, 2.564293, 1.723671, 1.935737, 2.147803, 2.359870, 2.571936, 1.731314, 1.943380, 2.155446, 2.367513, 2.579579, 1.738957, 1.951023, 2.163089, 2.375156, 2.587222, 1.746600, 1.958666, 2.170732, 2.382798, 2.594865, 1.754243, 1.966309, 2.178375, 2.390441, 2.602508, 2.327602, 2.540779, 2.753956, 2.967134, 3.180311, 2.335481, 2.548658, 2.761835, 2.975013, 3.188190, 2.343360, 2.556537, 2.769714, 2.982892, 3.196069, 2.351239, 2.564416, 2.777593, 2.990771, 3.203948, 2.359118, 2.572295, 2.785472, 2.998650, 3.211827, 2.366997, 2.580174, 2.793351, 3.006529, 3.219706, 2.374876, 2.588053, 2.801230, 3.014408, 3.227585, 2.382755, 2.595932, 2.809109, 3.022287, 3.235464, 2.390634, 2.603811, 2.816988, 3.030166, 3.243343, 2.845514, 3.059399, 3.273285, 3.487170, 3.701055, 2.853954, 3.067839, 3.281725, 3.495610, 3.709495, 2.862394, 3.076279, 3.290164, 3.504050, 3.717935, 2.870834, 3.084719, 3.298604, 3.512490, 3.726375, 2.879273, 3.093159, 3.307044, 3.520929, 3.734815, 2.887713, 3.101599, 3.315484, 3.529369, 3.743255, 2.896153, 3.110038, 3.323924, 3.537809, 3.751694, 2.904593, 3.118478, 3.332364, 3.546249, 3.760134, 2.913033, 3.126918, 3.340803, 3.554689, 3.768574, 3.393264, 3.605985, 3.818707, 4.031428, 4.244149, 3.400633, 3.613354, 3.826076, 4.038797, 4.251519, 3.408002, 3.620724, 3.833445, 4.046166, 4.258888, 3.415371, 3.628093, 3.840814, 4.053535, 4.266257, 3.422740, 3.635462, 3.848183, 4.060905, 4.273626, 3.430110, 3.642831, 3.855552, 4.068274, 4.280995, 3.437479, 3.650200, 3.862922, 4.075643, 4.288364, 3.444848, 3.657569, 3.870291, 4.083012, 4.295733, 3.452217, 3.664938, 3.877660, 4.090381, 4.303103, 3.923392, 4.135547, 4.347703, 4.559858, 4.772014, 3.927925, 4.140081, 4.352236, 4.564392, 4.776547, 3.932459, 4.144614, 4.356770, 4.568925, 4.781080, 3.936992, 4.149148, 4.361303, 4.573458, 4.785614, 3.941526, 4.153681, 4.365837, 4.577992, 4.790147, 3.946059, 4.158215, 4.370370, 4.582525, 4.794681, 3.950593, 4.162748, 4.374903, 4.587059, 4.799214, 3.955126, 4.167282, 4.379437, 4.591592, 4.803748, 3.959660, 4.171815, 4.383970, 4.596126, 4.808281, 4.451737, 4.664840, 4.877942, 5.091045, 5.304148, 4.455665, 4.668767, 4.881870, 5.094973, 5.308075, 4.459592, 4.672695, 4.885798, 5.098900, 5.312003, 4.463520, 4.676622, 4.889725, 5.102828, 5.315931, 4.467447, 4.680550, 4.893653, 5.106755, 5.319858, 4.471375, 4.684478, 4.897580, 5.110683, 5.323786, 4.475302, 4.688405, 4.901508, 5.114611, 5.327713, 4.479230, 4.692333, 4.905435, 5.118538, 5.331641, 4.483158, 4.696260, 4.909363, 5.122466, 5.335569, 4.861229, 5.072626, 5.284024, 5.495421, 5.706819, 4.866291, 5.077688, 5.289086, 5.500483, 5.711881, 4.871353, 5.082750, 5.294148, 5.505545, 5.716943, 4.876415, 5.087813, 5.299210, 5.510608, 5.722005, 4.881477, 5.092875, 5.304272, 5.515670, 5.727067, 4.886539, 5.097937, 5.309334, 5.520732, 5.732129, 4.891601, 5.102999, 5.314396, 5.525794, 5.737191, 4.896664, 5.108061, 5.319459, 5.530856, 5.742254, 4.901726, 5.113123, 5.324521, 5.535918, 5.747316, 5.411217, 5.623575, 5.835934, 6.048292, 6.260651, 5.415904, 5.628263, 5.840622, 6.052980, 6.265339, 5.420592, 5.632951, 5.845309, 6.057668, 6.270026, 5.425280, 5.637639, 5.849997, 6.062356, 6.274714, 5.429968, 5.642326, 5.854685, 6.067043, 6.279402, 5.434656, 5.647014, 5.859373, 6.071731, 6.284090, 5.439343, 5.651702, 5.864060, 6.076419, 6.288778, 5.444031, 5.656390, 5.868748, 6.081107, 6.293465, 5.448719, 5.661077, 5.873436, 6.085795, 6.298153, 5.915455, 6.126611, 6.337767, 6.548923, 6.760078, 5.919979, 6.131135, 6.342291, 6.553446, 6.764602, 5.924503, 6.135659, 6.346815, 6.557970, 6.769126, 5.929027, 6.140183, 6.351338, 6.562494, 6.773650, 5.933551, 6.144706, 6.355862, 6.567018, 6.778174, 5.938074, 6.149230, 6.360386, 6.571542, 6.782698, 5.942598, 6.153754, 6.364910, 6.576066, 6.787221, 5.947122, 6.158278, 6.369434, 6.580589, 6.791745, 5.951646, 6.162802, 6.373957, 6.585113, 6.796269, 6.351446, 6.563766, 6.776086, 6.988406, 7.200726, 6.356296, 6.568617, 6.780937, 6.993257, 7.205577, 6.361147, 6.573467, 6.785787, 6.998107, 7.210428, 6.365998, 6.578318, 6.790638, 7.002958, 7.215278, 6.370848, 6.583168, 6.795489, 7.007809, 7.220129, 6.375699, 6.588019, 6.800339, 7.012659, 7.224979, 6.380549, 6.592870, 6.805190, 7.017510, 7.229830, 6.385400, 6.597720, 6.810040, 7.022360, 7.234681, 6.390251, 6.602571, 6.814891, 7.027211, 7.239531, 6.932830, 7.144718, 7.356607, 7.568495, 7.780383, 6.936676, 7.148564, 7.360453, 7.572341, 7.784229, 6.940522, 7.152410, 7.364298, 7.576187, 7.788075, 6.944368, 7.156256, 7.368144, 7.580033, 7.791921, 6.948214, 7.160102, 7.371990, 7.583879, 7.795767, 6.952060, 7.163948, 7.375836, 7.587724, 7.799613, 6.955906, 7.167794, 7.379682, 7.591570, 7.803459, 6.959751, 7.171640, 7.383528, 7.595416, 7.807305, 6.963597, 7.175486, 7.387374, 7.599262, 7.811150, 7.385892, 7.598731, 7.811571, 8.024410, 8.237249, 7.390892, 7.603731, 7.816571, 8.029410, 8.242249, 7.395892, 7.608731, 7.821571, 8.034410, 8.247249, 7.400892, 7.613731, 7.826570, 8.039410, 8.252249, 7.405892, 7.618731, 7.831570, 8.044410, 8.257249, 7.410892, 7.623731, 7.836570, 8.049409, 8.262249, 7.415892, 7.628731, 7.841570, 8.054409, 8.267249, 7.420892, 7.633731, 7.846570, 8.059409, 8.272249, 7.425892, 7.638731, 7.851570, 8.064409, 8.277248, 7.914515, 8.126245, 8.337976, 8.549706, 8.761437, 7.919179, 8.130909, 8.342640, 8.554370, 8.766101, 7.923843, 8.135573, 8.347304, 8.559034, 8.770764, 7.928507, 8.140237, 8.351967, 8.563698, 8.775428, 7.933170, 8.144901, 8.356631, 8.568362, 8.780092, 7.937834, 8.149565, 8.361295, 8.573026, 8.784756, 7.942498, 8.154229, 8.365959, 8.577690, 8.789420, 7.947162, 8.158893, 8.370623, 8.582354, 8.794084, 7.951826, 8.163557, 8.375287, 8.587017, 8.798748, 8.469133, 8.680088, 8.891044, 9.101999, 9.312954, 8.473360, 8.684315, 8.895270, 9.106225, 9.317180, 8.477586, 8.688541, 8.899496, 9.110451, 9.321406, 8.481812, 8.692767, 8.903722, 9.114677, 9.325632, 8.486038, 8.696993, 8.907948, 9.118903, 9.329858, 8.490264, 8.701219, 8.912174, 9.123129, 9.334085, 8.494490, 8.705445, 8.916401, 9.127356, 9.338311, 8.498716, 8.709672, 8.920627, 9.131582, 9.342537, 8.502943, 8.713898, 8.924853, 9.135808, 9.346763, 8.854214, 9.064819, 9.275424, 9.486029, 9.696633, 8.858610, 9.069214, 9.279819, 9.490424, 9.701029, 8.863005, 9.073610, 9.284215, 9.494820, 9.705425, 8.867401, 9.078006, 9.288611, 9.499216, 9.709820, 8.871797, 9.082401, 9.293006, 9.503611, 9.714216, 8.876192, 9.086797, 9.297402, 9.508007, 9.718612, 8.880588, 9.091193, 9.301798, 9.512403, 9.723007, 8.884984, 9.095588, 9.306193, 9.516798, 9.727403, 8.889379, 9.099984, 9.310589, 9.521194, 9.731799


Plane Parameters
-0.001690, -0.001652, -0.001752, -0.001613, -0.001533, -0.001666, -0.001421, -0.001468, -0.001597, -0.001650, -0.001694, -0.001446, -0.001531, -0.001589, -0.001701, -0.001475, -0.000914, -0.000788, -0.001005, -0.000949, -0.000907, -0.000983, -0.000775, -0.001006, -0.000945, -0.000844, -0.000881
0.042718, 0.042705, 0.042609, 0.042710, 0.042665, 0.042896, 0.042679, 0.042757, 0.042556, 0.042470, 0.042692, 0.042648, 0.042426, 0.042648, 0.042790, 0.042557, 0.042444, 0.042633, 0.042292, 0.042484, 0.042244, 0.042477, 0.042390, 0.042581, 0.042358, 0.042204, 0.042133
-0.000276, -0.000147, -0.000203, -0.000120, 0.000063, -0.000081, 0.000256, -0.000247, -0.000151, 0.000274, -0.000348, 0.000036, -0.000046, -0.000300, -0.000305, -0.000033, -0.000175, -0.000047, 0.000182, -0.000268, -0.000057, -0.000310, -0.000127, -0.000143, -0.000300, 0.000027, -0.000047
-0.078211, -0.087542, -0.073346, -0.080768, -0.098312, -0.069679, -0.097527, -0.029588, -0.042965, -0.088865, -0.000767, -0.043345, -0.031801, 0.009746, 0.015675, -0.004956, 0.053254, 0.047023, 0.017490, 0.078378, 0.060549, 0.096959, 0.084096, 0.085217, 0.111906, 0.079253, 0.097178
0.096103, 0.095123, 0.084798, 0.079312, 0.077149, 0.067114, 0.069610, 0.042245, 0.039502, 0.049761, 0.015137, 0.021815, 0.014365, -0.007321, -0.014278, -0.010692, -0.031141, -0.034116, -0.026923, -0.053864, -0.053243, -0.068105, -0.067925, -0.073381, -0.087620, -0.082533, -0.090904
-4.688441, -4.109645, -3.482682, -2.904502, -2.338109, -1.807898, -1.288476, -0.698015, -0.073396, 0.459162, 1.072713, 1.688839, 2.147803, 2.785472, 3.307044, 3.848183, 4.365837, 4.893653, 5.304272, 5.854685, 6.355862, 6.795489, 7.371990, 7.831570, 8.356631, 8.907948, 9.293006
