Camera Matrices
BCL
7928.027600, 134.854222, 15.429743, 269918.291985
-100.504973, 7528.150577, 2437.066476, 193785.153115
0.083231, -0.257411, 0.962711, 474.362444
BCR
7473.735057, -468.803415, 2258.621275, 337304.931471
-226.556282, 7422.874783, 2403.718914, 202499.471959
-0.215198, -0.257709, 0.941953, 482.090624
BL
8929.874325, 451.556592, -2761.434224, 345046.942459
404.391994, 8943.707327, 2677.507080, 292927.276245
0.362278, -0.241189, 0.900324, 629.354899
BR
8842.590992, -852.032742, 5665.399752, 624477.709820
-813.217044, 10103.083260, 2833.887129, 318794.462655
-0.488590, -0.235398, 0.840159, 765.153035
TC
7669.120374, 148.191147, 1040.376751, 314215.974892
-130.255664, 7722.817210, 106.205010, 151911.193365
-0.052643, 0.037183, 0.997921, 439.382341
TL
7387.390714, 226.309389, -2151.536243, 269690.653079
-174.358699, 7678.916263, 90.054263, 166084.711965
0.356820, 0.049252, 0.932874, 493.803534
TR
6510.093182, 118.434119, 4047.836119, 395488.695974
-130.252859, 7649.271734, 48.920828, 195611.892825
-0.455424, 0.038849, 0.889427, 507.621698


Camera Parameters
BCL
-35.227753
121.773823
-457.130490
0.260342
0.086240
0.039240
7903.318630
BCR
100.163959
123.186403
-455.212934
0.260651
-0.224604
-0.040354
7795.400080
BL
-222.361958
147.923359
-569.929065
0.243591
0.382562
0.066925
9336.084714
BR
362.761060
179.796256
-649.386319
0.237628
-0.526739
-0.068673
10516.868811
TC
18.813687
-13.318571
-438.809032
-0.037192
-0.052704
0.016137
7714.282319
TL
-170.730002
-20.075793
-462.972410
-0.049272
0.365325
0.025426
7671.001610
TR
222.961990
-18.861313
-455.739351
-0.038859
-0.473235
0.012257
7640.073110


World Points
-20.037436, -20.035442, -20.033447, -20.031452, -20.029458, -15.037474, -15.035479, -15.033485, -15.031490, -15.029496, -10.037512, -10.035517, -10.033523, -10.031528, -10.029533, -5.037550, -5.035555, -5.033560, -5.031566, -5.029571, -0.037588, -0.035593, -0.033598, -0.031604, -0.029609, 4.962375, 4.964369, 4.966364, 4.968359, 4.970353, 9.962337, 9.964331, 9.966326, 9.968321, 9.970315, 14.962299, 14.964294, 14.966288, 14.968283, 14.970278, 19.962261, 19.964256, 19.966250, 19.968245, 19.970240, -20.063912, -20.062818, -20.061724, -20.060630, -20.059536, -15.063955, -15.062861, -15.061767, -15.060672, -15.059578, -10.063997, -10.062903, -10.061809, -10.060715, -10.059621, -5.064040, -5.062946, -5.061852, -5.060758, -5.059664, -0.064083, -0.062989, -0.061894, -0.060800, -0.059706, 4.935875, 4.936969, 4.938063, 4.939157, 4.940251, 9.935832, 9.936926, 9.938020, 9.939114, 9.940209, 14.935789, 14.936884, 14.937978, 14.939072, 14.940166, 19.935747, 19.936841, 19.937935, 19.939029, 19.940123, -20.117342, -20.117196, -20.117050, -20.116904, -20.116758, -15.117378, -15.117232, -15.117086, -15.116940, -15.116794, -10.117414, -10.117268, -10.117123, -10.116977, -10.116831, -5.117451, -5.117305, -5.117159, -5.117013, -5.116867, -0.117487, -0.117341, -0.117195, -0.117049, -0.116903, 4.882477, 4.882623, 4.882768, 4.882914, 4.883060, 9.882440, 9.882586, 9.882732, 9.882878, 9.883024, 14.882404, 14.882550, 14.882696, 14.882842, 14.882988, 19.882368, 19.882513, 19.882659, 19.882805, 19.882951, -20.095123, -20.094166, -20.093210, -20.092254, -20.091297, -15.095160, -15.094204, -15.093247, -15.092291, -15.091335, -10.095197, -10.094241, -10.093285, -10.092328, -10.091372, -5.095235, -5.094278, -5.093322, -5.092366, -5.091409, -0.095272, -0.094316, -0.093359, -0.092403, -0.091446, 4.904691, 4.905647, 4.906604, 4.907560, 4.908516, 9.904654, 9.905610, 9.906566, 9.907523, 9.908479, 14.904616, 14.905573, 14.906529, 14.907485, 14.908442, 19.904579, 19.905535, 19.906492, 19.907448, 19.908404, -19.980506, -19.977391, -19.974277, -19.971162, -19.968047, -14.980543, -14.977428, -14.974313, -14.971199, -14.968084, -9.980580, -9.977465, -9.974350, -9.971236, -9.968121, -4.980617, -4.977502, -4.974387, -4.971273, -4.968158, 0.019346, 0.022461, 0.025576, 0.028690, 0.031805, 5.019309, 5.022424, 5.025539, 5.028653, 5.031768, 10.019272, 10.022387, 10.025502, 10.028616, 10.031731, 15.019235, 15.022350, 15.025465, 15.028580, 15.031694, 20.019198, 20.022313, 20.025428, 20.028543, 20.031657, -20.027044, -20.025171, -20.023297, -20.021423, -20.019549, -15.027078, -15.025204, -15.023330, -15.021457, -15.019583, -10.027112, -10.025238, -10.023364, -10.021490, -10.019616, -5.027145, -5.025272, -5.023398, -5.021524, -5.019650, -0.027179, -0.025305, -0.023431, -0.021558, -0.019684, 4.972787, 4.974661, 4.976535, 4.978409, 4.980283, 9.972753, 9.974627, 9.976501, 9.978375, 9.980249, 14.972720, 14.974594, 14.976468, 14.978341, 14.980215, 19.972686, 19.974560, 19.976434, 19.978308, 19.980182, -19.976697, -19.973150, -19.969603, -19.966056, -19.962509, -14.976729, -14.973182, -14.969635, -14.966089, -14.962542, -9.976762, -9.973215, -9.969668, -9.966121, -9.962574, -4.976794, -4.973247, -4.969700, -4.966153, -4.962607, 0.023174, 0.026720, 0.030267, 0.033814, 0.037361, 5.023141, 5.026688, 5.030235, 5.033782, 5.037329, 10.023109, 10.026656, 10.030203, 10.033749, 10.037296, 15.023076, 15.026623, 15.030170, 15.033717, 15.037264, 20.023044, 20.026591, 20.030138, 20.033685, 20.037231, -20.019232, -20.016408, -20.013583, -20.010759, -20.007934, -15.019270, -15.016445, -15.013621, -15.010796, -15.007972, -10.019307, -10.016483, -10.013658, -10.010834, -10.008009, -5.019344, -5.016520, -5.013696, -5.010871, -5.008047, -0.019382, -0.016557, -0.013733, -0.010909, -0.008084, 4.980581, 4.983405, 4.986230, 4.989054, 4.991878, 9.980543, 9.983368, 9.986192, 9.989017, 9.991841, 14.980506, 14.983330, 14.986155, 14.988979, 14.991804, 19.980468, 19.983293, 19.986117, 19.988942, 19.991766, -19.994372, -19.990906, -19.987440, -19.983975, -19.980509, -14.994412, -14.990946, -14.987480, -14.984014, -14.980549, -9.994451, -9.990986, -9.987520, -9.984054, -9.980589, -4.994491, -4.991026, -4.987560, -4.984094, -4.980629, 0.005469, 0.008934, 0.012400, 0.015866, 0.019332, 5.005429, 5.008895, 5.012360, 5.015826, 5.019292, 10.005389, 10.008855, 10.012320, 10.015786, 10.019252, 15.005349, 15.008815, 15.012280, 15.015746, 15.019212, 20.005309, 20.008775, 20.012241, 20.015706, 20.019172, -19.994733, -19.991271, -19.987810, -19.984348, -19.980887, -14.994763, -14.991302, -14.987840, -14.984379, -14.980917, -9.994794, -9.991332, -9.987871, -9.984409, -9.980948, -4.994825, -4.991363, -4.987902, -4.984440, -4.980979, 0.005145, 0.008606, 0.012068, 0.015529, 0.018991, 5.005114, 5.008576, 5.012037, 5.015499, 5.018960, 10.005084, 10.008545, 10.012006, 10.015468, 10.018929, 15.005053, 15.008514, 15.011976, 15.015437, 15.018899, 20.005022, 20.008484, 20.011945, 20.015407, 20.018868, -20.044905, -20.043809, -20.042713, -20.041617, -20.040522, -15.044938, -15.043842, -15.042747, -15.041651, -15.040555, -10.044972, -10.043876, -10.042780, -10.041684, -10.040588, -5.045005, -5.043909, -5.042813, -5.041718, -5.040622, -0.045038, -0.043943, -0.042847, -0.041751, -0.040655, 4.954928, 4.956024, 4.957120, 4.958216, 4.959311, 9.954895, 9.955991, 9.957086, 9.958182, 9.959278, 14.954861, 14.955957, 14.957053, 14.958149, 14.959245, 19.954828, 19.955924, 19.957020, 19.958115, 19.959211, -19.969523, -19.965928, -19.962333, -19.958739, -19.955144, -14.969557, -14.965962, -14.962367, -14.958773, -14.955178, -9.969591, -9.965996, -9.962401, -9.958807, -9.955212, -4.969625, -4.966030, -4.962435, -4.958841, -4.955246, 0.030341, 0.033936, 0.037531, 0.041125, 0.044720, 5.030307, 5.033902, 5.037497, 5.041092, 5.044686, 10.030273, 10.033868, 10.037463, 10.041058, 10.044652, 15.030239, 15.033834, 15.037429, 15.041024, 15.044618, 20.030206, 20.033800, 20.037395, 20.040990, 20.044584, -20.056282, -20.055365, -20.054448, -20.053532, -20.052615, -15.056314, -15.055397, -15.054480, -15.053563, -15.052646, -10.056346, -10.055429, -10.054512, -10.053595, -10.052678, -5.056378, -5.055461, -5.054544, -5.053627, -5.052710, -0.056410, -0.055493, -0.054576, -0.053659, -0.052742, 4.943558, 4.944475, 4.945392, 4.946309, 4.947226, 9.943526, 9.944443, 9.945360, 9.946277, 9.947194, 14.943494, 14.944411, 14.945328, 14.946245, 14.947162, 19.943463, 19.944379, 19.945296, 19.946213, 19.947130, -19.949915, -19.946616, -19.943317, -19.940017, -19.936718, -14.949941, -14.946642, -14.943343, -14.940043, -14.936744, -9.949968, -9.946668, -9.943369, -9.940069, -9.936770, -4.949994, -4.946694, -4.943395, -4.940095, -4.936796, 0.049980, 0.053280, 0.056579, 0.059878, 0.063178, 5.049954, 5.053254, 5.056553, 5.059852, 5.063152, 10.049928, 10.053228, 10.056527, 10.059826, 10.063126, 15.049902, 15.053202, 15.056501, 15.059800, 15.063100, 20.049876, 20.053176, 20.056475, 20.059774, 20.063074, -19.999033, -19.996489, -19.993946, -19.991403, -19.988859, -14.999062, -14.996519, -14.993976, -14.991432, -14.988889, -9.999092, -9.996549, -9.994005, -9.991462, -9.988919, -4.999122, -4.996578, -4.994035, -4.991492, -4.988948, 0.000849, 0.003392, 0.005935, 0.008479, 0.011022, 5.000819, 5.003362, 5.005906, 5.008449, 5.010992, 10.000789, 10.003333, 10.005876, 10.008419, 10.010963, 15.000760, 15.003303, 15.005846, 15.008390, 15.010933, 20.000730, 20.003273, 20.005817, 20.008360, 20.010903, -19.981480, -19.978460, -19.975439, -19.972419, -19.969399, -14.981510, -14.978490, -14.975470, -14.972450, -14.969430, -9.981541, -9.978521, -9.975501, -9.972480, -9.969460, -4.981571, -4.978551, -4.975531, -4.972511, -4.969491, 0.018398, 0.021418, 0.024438, 0.027459, 0.030479, 5.018367, 5.021388, 5.024408, 5.027428, 5.030448, 10.018337, 10.021357, 10.024377, 10.027397, 10.030418, 15.018306, 15.021327, 15.024347, 15.027367, 15.030387, 20.018276, 20.021296, 20.024316, 20.027336, 20.030357, -19.988419, -19.986143, -19.983867, -19.981591, -19.979314, -14.988464, -14.986188, -14.983912, -14.981635, -14.979359, -9.988509, -9.986232, -9.983956, -9.981680, -9.979404, -4.988553, -4.986277, -4.984001, -4.981724, -4.979448, 0.011402, 0.013678, 0.015955, 0.018231, 0.020507, 5.011358, 5.013634, 5.015910, 5.018186, 5.020463, 10.011313, 10.013589, 10.015865, 10.018142, 10.020418, 15.011268, 15.013545, 15.015821, 15.018097, 15.020373, 20.011224, 20.013500, 20.015776, 20.018052, 20.020329, -19.977978, -19.974414, -19.970851, -19.967287, -19.963724, -14.978017, -14.974454, -14.970890, -14.967327, -14.963763, -9.978057, -9.974493, -9.970930, -9.967366, -9.963803, -4.978096, -4.974533, -4.970969, -4.967406, -4.963842, 0.021864, 0.025428, 0.028992, 0.032555, 0.036119, 5.021825, 5.025389, 5.028952, 5.032516, 5.036079, 10.021786, 10.025349, 10.028913, 10.032476, 10.036040, 15.021746, 15.025310, 15.028873, 15.032437, 15.036000, 20.021707, 20.025270, 20.028834, 20.032398, 20.035961, -19.981355, -19.978981, -19.976607, -19.974233, -19.971860, -14.981393, -14.979020, -14.976646, -14.974272, -14.971898, -9.981432, -9.979058, -9.976684, -9.974310, -9.971936, -4.981470, -4.979096, -4.976722, -4.974349, -4.971975, 0.018491, 0.020865, 0.023239, 0.025613, 0.027987, 5.018453, 5.020827, 5.023201, 5.025575, 5.027948, 10.018415, 10.020789, 10.023162, 10.025536, 10.027910, 15.018376, 15.020750, 15.023124, 15.025498, 15.027872, 20.018338, 20.020712, 20.023086, 20.025459, 20.027833, -19.963306, -19.960546, -19.957785, -19.955025, -19.952264, -14.963324, -14.960564, -14.957803, -14.955043, -14.952283, -9.963343, -9.960582, -9.957822, -9.955061, -9.952301, -4.963361, -4.960600, -4.957840, -4.955080, -4.952319, 0.036621, 0.039381, 0.042142, 0.044902, 0.047662, 5.036603, 5.039363, 5.042123, 5.044884, 5.047644, 10.036584, 10.039345, 10.042105, 10.044866, 10.047626, 15.036566, 15.039326, 15.042087, 15.044847, 15.047608, 20.036548, 20.039308, 20.042069, 20.044829, 20.047589, -20.073812, -20.073655, -20.073498, -20.073341, -20.073184, -15.073847, -15.073690, -15.073533, -15.073376, -15.073219, -10.073883, -10.073726, -10.073569, -10.073412, -10.073255, -5.073919, -5.073762, -5.073605, -5.073448, -5.073291, -0.073954, -0.073797, -0.073640, -0.073483, -0.073326, 4.926010, 4.926167, 4.926324, 4.926481, 4.926638, 9.925975, 9.926132, 9.926289, 9.926445, 9.926602, 14.925939, 14.926096, 14.926253, 14.926410, 14.926567, 19.925903, 19.926060, 19.926217, 19.926374, 19.926531, -19.936424, -19.932967, -19.929509, -19.926052, -19.922595, -14.936460, -14.933002, -14.929545, -14.926088, -14.922630, -9.936495, -9.933038, -9.929581, -9.926123, -9.922666, -4.936531, -4.933074, -4.929616, -4.926159, -4.922702, 0.063433, 0.066891, 0.070348, 0.073805, 0.077263, 5.063398, 5.066855, 5.070312, 5.073770, 5.077227, 10.063362, 10.066819, 10.070277, 10.073734, 10.077191, 15.063326, 15.066784, 15.070241, 15.073698, 15.077156, 20.063291, 20.066748, 20.070206, 20.073663, 20.077120, -20.054687, -20.053784, -20.052882, -20.051980, -20.051077, -15.054713, -15.053811, -15.052908, -15.052006, -15.051104, -10.054739, -10.053837, -10.052935, -10.052032, -10.051130, -5.054766, -5.053863, -5.052961, -5.052059, -5.051156, -0.054792, -0.053890, -0.052987, -0.052085, -0.051183, 4.945182, 4.946084, 4.946986, 4.947889, 4.948791, 9.945155, 9.946058, 9.946960, 9.947863, 9.948765, 14.945129, 14.946032, 14.946934, 14.947836, 14.948739, 19.945103, 19.946005, 19.946908, 19.947810, 19.948712, -19.925642, -19.921825, -19.918009, -19.914193, -19.910377, -14.925667, -14.921851, -14.918035, -14.914218, -14.910402, -9.925692, -9.921876, -9.918060, -9.914244, -9.910428, -4.925718, -4.921902, -4.918085, -4.914269, -4.910453, 0.074257, 0.078073, 0.081889, 0.085705, 0.089521, 5.074231, 5.078048, 5.081864, 5.085680, 5.089496, 10.074206, 10.078022, 10.081838, 10.085654, 10.089471, 15.074180, 15.077997, 15.081813, 15.085629, 15.089445, 20.074155, 20.077971, 20.081787, 20.085604, 20.089420, -20.044936, -20.044530, -20.044123, -20.043717, -20.043310, -15.044954, -15.044547, -15.044141, -15.043734, -15.043328, -10.044971, -10.044565, -10.044158, -10.043752, -10.043345, -5.044989, -5.044582, -5.044176, -5.043769, -5.043363, -0.045006, -0.044600, -0.044193, -0.043787, -0.043380, 4.954977, 4.955383, 4.955789, 4.956196, 4.956602, 9.954959, 9.955366, 9.955772, 9.956179, 9.956585, 14.954942, 14.955348, 14.955755, 14.956161, 14.956568, 19.954924, 19.955331, 19.955737, 19.956144, 19.956550, -19.929569, -19.925758, -19.921947, -19.918137, -19.914326, -14.929607, -14.925797, -14.921986, -14.918175, -14.914364, -9.929646, -9.925835, -9.922024, -9.918213, -9.914403, -4.929684, -4.925873, -4.922063, -4.918252, -4.914441, 0.070277, 0.074088, 0.077899, 0.081710, 0.085521, 5.070239, 5.074050, 5.077861, 5.081671, 5.085482, 10.070201, 10.074011, 10.077822, 10.081633, 10.085444, 15.070162, 15.073973, 15.077784, 15.081595, 15.085405, 20.070124, 20.073935, 20.077745, 20.081556, 20.085367, -19.977264, -19.975468, -19.973672, -19.971877, -19.970081, -14.977297, -14.975501, -14.973706, -14.971910, -14.970114, -9.977330, -9.975534, -9.973739, -9.971943, -9.970147, -4.977363, -4.975567, -4.973772, -4.971976, -4.970180, 0.022604, 0.024399, 0.026195, 0.027991, 0.029786, 5.022571, 5.024366, 5.026162, 5.027958, 5.029753, 10.022538, 10.024333, 10.026129, 10.027925, 10.029720, 15.022505, 15.024300, 15.026096, 15.027892, 15.029687, 20.022471, 20.024267, 20.026063, 20.027858, 20.029654, -19.917595, -19.914253, -19.910911, -19.907570, -19.904228, -14.917631, -14.914290, -14.910948, -14.907606, -14.904264, -9.917668, -9.914326, -9.910984, -9.907642, -9.904300, -4.917704, -4.914362, -4.911020, -4.907678, -4.904336, 0.082260, 0.085602, 0.088944, 0.092285, 0.095627, 5.082224, 5.085566, 5.088907, 5.092249, 5.095591, 10.082187, 10.085529, 10.088871, 10.092213, 10.095555, 15.082151, 15.085493, 15.088835, 15.092177, 15.095519, 20.082115, 20.085457, 20.088799, 20.092141, 20.095482
-10.069587, -5.070642, -0.071697, 4.927247, 9.926192, -10.071184, -5.072239, -0.073294, 4.925650, 9.924595, -10.072781, -5.073836, -0.074891, 4.924054, 9.922998, -10.074377, -5.075433, -0.076488, 4.922457, 9.921401, -10.075974, -5.077030, -0.078085, 4.920860, 9.919805, -10.077571, -5.078626, -0.079682, 4.919263, 9.918208, -10.079168, -5.080223, -0.081279, 4.917666, 9.916611, -10.080765, -5.081820, -0.082875, 4.916069, 9.915014, -10.082362, -5.083417, -0.084472, 4.914473, 9.913417, -10.057749, -5.058737, -0.059726, 4.939286, 9.938297, -10.058433, -5.059421, -0.060410, 4.938602, 9.937613, -10.059117, -5.060105, -0.061094, 4.937918, 9.936929, -10.059801, -5.060789, -0.061778, 4.937234, 9.936245, -10.060485, -5.061473, -0.062462, 4.936550, 9.935561, -10.061169, -5.062157, -0.063146, 4.935866, 9.934877, -10.061853, -5.062841, -0.063830, 4.935182, 9.934193, -10.062537, -5.063525, -0.064514, 4.934498, 9.933509, -10.063221, -5.064209, -0.065198, 4.933814, 9.932825, -10.042118, -5.043350, -0.044583, 4.954185, 9.952953, -10.041841, -5.043073, -0.044305, 4.954462, 9.953230, -10.041563, -5.042796, -0.044028, 4.954740, 9.953507, -10.041286, -5.042518, -0.043751, 4.955017, 9.953785, -10.041008, -5.042241, -0.043473, 4.955294, 9.954062, -10.040731, -5.041963, -0.043196, 4.955572, 9.954339, -10.040454, -5.041686, -0.042918, 4.955849, 9.954617, -10.040176, -5.041409, -0.042641, 4.956127, 9.954894, -10.039899, -5.041131, -0.042364, 4.956404, 9.955172, -10.042154, -5.043328, -0.044501, 4.954325, 9.953152, -10.042693, -5.043866, -0.045040, 4.953787, 9.952613, -10.043231, -5.044405, -0.045578, 4.953248, 9.952075, -10.043770, -5.044943, -0.046117, 4.952710, 9.951537, -10.044308, -5.045482, -0.046655, 4.952172, 9.950998, -10.044847, -5.046020, -0.047193, 4.951633, 9.950460, -10.045385, -5.046558, -0.047732, 4.951095, 9.949921, -10.045923, -5.047097, -0.048270, 4.950556, 9.949383, -10.046462, -5.047635, -0.048809, 4.950018, 9.948844, -10.055635, -5.056893, -0.058150, 4.940592, 9.939335, -10.058324, -5.059581, -0.060839, 4.937904, 9.936646, -10.061012, -5.062270, -0.063527, 4.935215, 9.933957, -10.063701, -5.064958, -0.066216, 4.932526, 9.931269, -10.066390, -5.067647, -0.068905, 4.929838, 9.928580, -10.069078, -5.070336, -0.071593, 4.927149, 9.925891, -10.071767, -5.073024, -0.074282, 4.924460, 9.923203, -10.074456, -5.075713, -0.076971, 4.921772, 9.920514, -10.077144, -5.078402, -0.079659, 4.919083, 9.917826, -10.033894, -5.035233, -0.036573, 4.962088, 9.960749, -10.035345, -5.036684, -0.038024, 4.960637, 9.959298, -10.036796, -5.038135, -0.039475, 4.959186, 9.957847, -10.038247, -5.039586, -0.040925, 4.957735, 9.956396, -10.039698, -5.041037, -0.042376, 4.956284, 9.954945, -10.041149, -5.042488, -0.043827, 4.954833, 9.953494, -10.042599, -5.043939, -0.045278, 4.953383, 9.952043, -10.044050, -5.045390, -0.046729, 4.951932, 9.950592, -10.045501, -5.046841, -0.048180, 4.950481, 9.949141, -10.042384, -5.043606, -0.044829, 4.953949, 9.952727, -10.045540, -5.046762, -0.047985, 4.950793, 9.949571, -10.048696, -5.049918, -0.051141, 4.947637, 9.946415, -10.051852, -5.053074, -0.054296, 4.944481, 9.943259, -10.055008, -5.056230, -0.057452, 4.941325, 9.940103, -10.058164, -5.059386, -0.060608, 4.938170, 9.936947, -10.061320, -5.062542, -0.063764, 4.935014, 9.933791, -10.064476, -5.065698, -0.066920, 4.931858, 9.930636, -10.067632, -5.068854, -0.070076, 4.928702, 9.927480, -10.023145, -5.024455, -0.025765, 4.972925, 9.971614, -10.025530, -5.026841, -0.028151, 4.970539, 9.969229, -10.027916, -5.029226, -0.030536, 4.968153, 9.966843, -10.030301, -5.031612, -0.032922, 4.965768, 9.964457, -10.032687, -5.033997, -0.035308, 4.963382, 9.962072, -10.035073, -5.036383, -0.037693, 4.960997, 9.959686, -10.037458, -5.038769, -0.040079, 4.958611, 9.957301, -10.039844, -5.041154, -0.042464, 4.956225, 9.954915, -10.042229, -5.043540, -0.044850, 4.953840, 9.952529, -10.021831, -5.023231, -0.024632, 4.973968, 9.972568, -10.024831, -5.026231, -0.027631, 4.970969, 9.969569, -10.027830, -5.029230, -0.030630, 4.967969, 9.966569, -10.030829, -5.032230, -0.033630, 4.964970, 9.963570, -10.033829, -5.035229, -0.036629, 4.961971, 9.960571, -10.036828, -5.038228, -0.039628, 4.958971, 9.957571, -10.039828, -5.041228, -0.042628, 4.955972, 9.954572, -10.042827, -5.044227, -0.045627, 4.952973, 9.951572, -10.045826, -5.047226, -0.048627, 4.949973, 9.948573, -10.016819, -5.018244, -0.019668, 4.978908, 9.977484, -10.019870, -5.021295, -0.022719, 4.975857, 9.974432, -10.022922, -5.024346, -0.025770, 4.972806, 9.971381, -10.025973, -5.027397, -0.028821, 4.969755, 9.968330, -10.029024, -5.030448, -0.031872, 4.966704, 9.965279, -10.032075, -5.033499, -0.034923, 4.963652, 9.962228, -10.035126, -5.036550, -0.037974, 4.960601, 9.959177, -10.038177, -5.039601, -0.041025, 4.957550, 9.956126, -10.041228, -5.042652, -0.044076, 4.954499, 9.953075, -10.002876, -5.004309, -0.005741, 4.992826, 9.991393, -10.003535, -5.004967, -0.006400, 4.992167, 9.990735, -10.004194, -5.005626, -0.007059, 4.991508, 9.990076, -10.004852, -5.006285, -0.007718, 4.990850, 9.989417, -10.005511, -5.006944, -0.008377, 4.990191, 9.988758, -10.006170, -5.007603, -0.009035, 4.989532, 9.988099, -10.006829, -5.008262, -0.009694, 4.988873, 9.987440, -10.007488, -5.008920, -0.010353, 4.988214, 9.986782, -10.008147, -5.009579, -0.011012, 4.987555, 9.986123, -10.009354, -5.010755, -0.012156, 4.986442, 9.985041, -10.012520, -5.013921, -0.015322, 4.983276, 9.981875, -10.015686, -5.017087, -0.018488, 4.980110, 9.978709, -10.018852, -5.020253, -0.021654, 4.976944, 9.975543, -10.022018, -5.023419, -0.024820, 4.973779, 9.972377, -10.025184, -5.026585, -0.027986, 4.970613, 9.969211, -10.028350, -5.029751, -0.031152, 4.967447, 9.966045, -10.031516, -5.032917, -0.034318, 4.964281, 9.962880, -10.034682, -5.036083, -0.037484, 4.961115, 9.959714, -9.988329, -4.989949, 0.008431, 5.006812, 10.005192, -9.988792, -4.990412, 0.007969, 5.006349, 10.004729, -9.989255, -4.990874, 0.007506, 5.005886, 10.004267, -9.989717, -4.991337, 0.007043, 5.005424, 10.003804, -9.990180, -4.991800, 0.006581, 5.004961, 10.003342, -9.990643, -4.992262, 0.006118, 5.004499, 10.002879, -9.991105, -4.992725, 0.005656, 5.004036, 10.002416, -9.991568, -4.993187, 0.005193, 5.003573, 10.001954, -9.992030, -4.993650, 0.004730, 5.003111, 10.001491, -10.002587, -5.003999, -0.005412, 4.993176, 9.991763, -10.005510, -5.006922, -0.008335, 4.990253, 9.988840, -10.008433, -5.009845, -0.011258, 4.987330, 9.985917, -10.011356, -5.012768, -0.014181, 4.984407, 9.982994, -10.014279, -5.015691, -0.017104, 4.981484, 9.980071, -10.017202, -5.018614, -0.020027, 4.978561, 9.977148, -10.020125, -5.021537, -0.022950, 4.975638, 9.974225, -10.023048, -5.024461, -0.025873, 4.972715, 9.971302, -10.025971, -5.027384, -0.028796, 4.969791, 9.968379, -9.987655, -4.989082, 0.009491, 5.008063, 10.006636, -9.989790, -4.991218, 0.007355, 5.005928, 10.004500, -9.991926, -4.993353, 0.005219, 5.003792, 10.002365, -9.994062, -4.995489, 0.003083, 5.001656, 10.000229, -9.996198, -4.997625, 0.000948, 4.999520, 9.998093, -9.998333, -4.999761, -0.001188, 4.997385, 9.995957, -10.000469, -5.001896, -0.003324, 4.995249, 9.993822, -10.002605, -5.004032, -0.005459, 4.993113, 9.991686, -10.004741, -5.006168, -0.007595, 4.990977, 9.989550, -9.984899, -4.986385, 0.012129, 5.010643, 10.009156, -9.987499, -4.988985, 0.009529, 5.008043, 10.006557, -9.990099, -4.991585, 0.006929, 5.005443, 10.003957, -9.992698, -4.994184, 0.004329, 5.002843, 10.001357, -9.995298, -4.996784, 0.001730, 5.000243, 9.998757, -9.997898, -4.999384, -0.000870, 4.997644, 9.996158, -10.000498, -5.001984, -0.003470, 4.995044, 9.993558, -10.003097, -5.004584, -0.006070, 4.992444, 9.990958, -10.005697, -5.007183, -0.008669, 4.989844, 9.988358, -9.973512, -4.974889, 0.023734, 5.022357, 10.020979, -9.975295, -4.976672, 0.021951, 5.020574, 10.019197, -9.977078, -4.978455, 0.020168, 5.018791, 10.017414, -9.978861, -4.980238, 0.018385, 5.017008, 10.015631, -9.980643, -4.982021, 0.016602, 5.015225, 10.013848, -9.982426, -4.983803, 0.014819, 5.013442, 10.012065, -9.984209, -4.985586, 0.013037, 5.011659, 10.010282, -9.985992, -4.987369, 0.011254, 5.009877, 10.008499, -9.987775, -4.989152, 0.009471, 5.008094, 10.006717, -9.965560, -4.967161, 0.031238, 5.029638, 10.028037, -9.968629, -4.970229, 0.028170, 5.026569, 10.024968, -9.971697, -4.973298, 0.025101, 5.023501, 10.021900, -9.974766, -4.976367, 0.022033, 5.020432, 10.018831, -9.977835, -4.979435, 0.018964, 5.017363, 10.015763, -9.980903, -4.982504, 0.015896, 5.014295, 10.012694, -9.983972, -4.985572, 0.012827, 5.011226, 10.009626, -9.987040, -4.988641, 0.009758, 5.008158, 10.006557, -9.990109, -4.991710, 0.006690, 5.005089, 10.003488, -9.960244, -4.961945, 0.036353, 5.034652, 10.032950, -9.962109, -4.963811, 0.034488, 5.032786, 10.031084, -9.963975, -4.965677, 0.032622, 5.030920, 10.029219, -9.965841, -4.967542, 0.030756, 5.029055, 10.027353, -9.967707, -4.969408, 0.028890, 5.027189, 10.025487, -9.969572, -4.971274, 0.027025, 5.025323, 10.023622, -9.971438, -4.973140, 0.025159, 5.023457, 10.021756, -9.973304, -4.975005, 0.023293, 5.021592, 10.019890, -9.975169, -4.976871, 0.021427, 5.019726, 10.018024, -9.961637, -4.963227, 0.035183, 5.033593, 10.032003, -9.964063, -4.965653, 0.032757, 5.031167, 10.029577, -9.966489, -4.968079, 0.030331, 5.028741, 10.027151, -9.968915, -4.970505, 0.027905, 5.026315, 10.024725, -9.971340, -4.972930, 0.025479, 5.023889, 10.022299, -9.973766, -4.975356, 0.023054, 5.021464, 10.019873, -9.976192, -4.977782, 0.020628, 5.019038, 10.017448, -9.978618, -4.980208, 0.018202, 5.016612, 10.015022, -9.981044, -4.982634, 0.015776, 5.014186, 10.012596, -9.933662, -4.935444, 0.062774, 5.060992, 10.059210, -9.933315, -4.935097, 0.063121, 5.061339, 10.059557, -9.932969, -4.934750, 0.063468, 5.061686, 10.059904, -9.932622, -4.934404, 0.063815, 5.062033, 10.060251, -9.932275, -4.934057, 0.064161, 5.062380, 10.060598, -9.931928, -4.933710, 0.064508, 5.062726, 10.060944, -9.931581, -4.933363, 0.064855, 5.063073, 10.061291, -9.931234, -4.933016, 0.065202, 5.063420, 10.061638, -9.930887, -4.932669, 0.065549, 5.063767, 10.061985, -9.952366, -4.954056, 0.044255, 5.042565, 10.040875, -9.955340, -4.957030, 0.041281, 5.039591, 10.037902, -9.958314, -4.960003, 0.038307, 5.036617, 10.034928, -9.961287, -4.962977, 0.035333, 5.033644, 10.031954, -9.964261, -4.965951, 0.032360, 5.030670, 10.028980, -9.967235, -4.968925, 0.029386, 5.027696, 10.026007, -9.970209, -4.971898, 0.026412, 5.024722, 10.023033, -9.973182, -4.974872, 0.023438, 5.021749, 10.020059, -9.976156, -4.977846, 0.020465, 5.018775, 10.017085, -9.922413, -4.924278, 0.073856, 5.071990, 10.070124, -9.922872, -4.924738, 0.073396, 5.071530, 10.069664, -9.923332, -4.925198, 0.072936, 5.071070, 10.069205, -9.923792, -4.925658, 0.072477, 5.070611, 10.068745, -9.924252, -4.926117, 0.072017, 5.070151, 10.068285, -9.924711, -4.926577, 0.071557, 5.069691, 10.067825, -9.925171, -4.927037, 0.071097, 5.069231, 10.067366, -9.925631, -4.927497, 0.070638, 5.068772, 10.066906, -9.926091, -4.927956, 0.070178, 5.068312, 10.066446, -9.944640, -4.946512, 0.051616, 5.049744, 10.047872, -9.948031, -4.949903, 0.048225, 5.046353, 10.044481, -9.951423, -4.953295, 0.044833, 5.042961, 10.041089, -9.954814, -4.956686, 0.041442, 5.039570, 10.037698, -9.958205, -4.960077, 0.038051, 5.036179, 10.034307, -9.961597, -4.963469, 0.034659, 5.032788, 10.030916, -9.964988, -4.966860, 0.031268, 5.029396, 10.027524, -9.968379, -4.970251, 0.027877, 5.026005, 10.024133, -9.971770, -4.973642, 0.024486, 5.022614, 10.020742, -9.917179, -4.919020, 0.079139, 5.077298, 10.075457, -9.917228, -4.919069, 0.079090, 5.077250, 10.075409, -9.917276, -4.919117, 0.079042, 5.077201, 10.075360, -9.917325, -4.919166, 0.078994, 5.077153, 10.075312, -9.917373, -4.919214, 0.078945, 5.077104, 10.075264, -9.917422, -4.919262, 0.078897, 5.077056, 10.075215, -9.917470, -4.919311, 0.078848, 5.077008, 10.075167, -9.917518, -4.919359, 0.078800, 5.076959, 10.075118, -9.917567, -4.919408, 0.078752, 5.076911, 10.075070, -9.933653, -4.935404, 0.062844, 5.061092, 10.059341, -9.936954, -4.938705, 0.059543, 5.057791, 10.056040, -9.940254, -4.942006, 0.056242, 5.054491, 10.052739, -9.943555, -4.945307, 0.052941, 5.051190, 10.049438, -9.946856, -4.948608, 0.049640, 5.047889, 10.046137, -9.950157, -4.951909, 0.046340, 5.044588, 10.042836, -9.953458, -4.955210, 0.043039, 5.041287, 10.039535, -9.956759, -4.958511, 0.039738, 5.037986, 10.036235, -9.960060, -4.961811, 0.036437, 5.034685, 10.032934, -9.917593, -4.919269, 0.079055, 5.077378, 10.075702, -9.918919, -4.920596, 0.077728, 5.076052, 10.074376, -9.920246, -4.921922, 0.076402, 5.074726, 10.073049, -9.921572, -4.923248, 0.075075, 5.073399, 10.071723, -9.922898, -4.924575, 0.073749, 5.072073, 10.070397, -9.924225, -4.925901, 0.072423, 5.070746, 10.069070, -9.925551, -4.927227, 0.071096, 5.069420, 10.067744, -9.926878, -4.928554, 0.069770, 5.068094, 10.066417, -9.928204, -4.929880, 0.068444, 5.066767, 10.065091, -9.924021, -4.925751, 0.072518, 5.070788, 10.069058, -9.926869, -4.928599, 0.069671, 5.067940, 10.066210, -9.929717, -4.931447, 0.066823, 5.065093, 10.063363, -9.932565, -4.934295, 0.063975, 5.062245, 10.060515, -9.935413, -4.937143, 0.061127, 5.059397, 10.057667, -9.938261, -4.939991, 0.058279, 5.056549, 10.054819, -9.941109, -4.942839, 0.055431, 5.053701, 10.051971, -9.943957, -4.945687, 0.052583, 5.050853, 10.049123, -9.946804, -4.948535, 0.049735, 5.048005, 10.046275
1.114881, 1.012179, 0.909478, 0.806777, 0.704075, 1.134263, 1.031561, 0.928860, 0.826159, 0.723457, 1.153645, 1.050944, 0.948242, 0.845541, 0.742840, 1.173027, 1.070326, 0.967624, 0.864923, 0.762222, 1.192409, 1.089708, 0.987007, 0.884305, 0.781604, 1.211791, 1.109090, 1.006389, 0.903687, 0.800986, 1.231174, 1.128472, 1.025771, 0.923070, 0.820368, 1.250556, 1.147855, 1.045153, 0.942452, 0.839751, 1.269938, 1.167237, 1.064535, 0.961834, 0.859133, 2.029791, 1.930381, 1.830971, 1.731562, 1.632152, 2.050427, 1.951017, 1.851608, 1.752198, 1.652788, 2.071063, 1.971653, 1.872244, 1.772834, 1.673425, 2.091699, 1.992290, 1.892880, 1.793471, 1.694061, 2.112336, 2.012926, 1.913516, 1.814107, 1.714697, 2.132972, 2.033562, 1.934153, 1.834743, 1.735333, 2.153608, 2.054198, 1.954789, 1.855379, 1.755970, 2.174244, 2.074835, 1.975425, 1.876015, 1.776606, 2.194880, 2.095471, 1.996061, 1.896652, 1.797242, 2.920919, 2.809912, 2.698906, 2.587900, 2.476893, 2.939981, 2.828974, 2.717968, 2.606961, 2.495955, 2.959042, 2.848036, 2.737029, 2.626023, 2.515016, 2.978104, 2.867098, 2.756091, 2.645085, 2.534078, 2.997166, 2.886159, 2.775153, 2.664146, 2.553140, 3.016227, 2.905221, 2.794214, 2.683208, 2.572202, 3.035289, 2.924283, 2.813276, 2.702270, 2.591263, 3.054351, 2.943344, 2.832338, 2.721331, 2.610325, 3.073412, 2.962406, 2.851400, 2.740393, 2.629387, 3.818238, 3.709924, 3.601609, 3.493295, 3.384981, 3.837535, 3.729221, 3.620906, 3.512592, 3.404278, 3.856832, 3.748518, 3.640204, 3.531889, 3.423575, 3.876130, 3.767815, 3.659501, 3.551187, 3.442872, 3.895427, 3.787113, 3.678798, 3.570484, 3.462170, 3.914724, 3.806410, 3.698096, 3.589781, 3.481467, 3.934022, 3.825707, 3.717393, 3.609079, 3.500764, 3.953319, 3.845005, 3.736690, 3.628376, 3.520062, 3.972616, 3.864302, 3.755988, 3.647673, 3.539359, 4.802389, 4.690298, 4.578206, 4.466114, 4.354023, 4.821428, 4.709336, 4.597245, 4.485153, 4.373061, 4.840467, 4.728375, 4.616283, 4.504192, 4.392100, 4.859505, 4.747414, 4.635322, 4.523230, 4.411139, 4.878544, 4.766452, 4.654361, 4.542269, 4.430177, 4.897583, 4.785491, 4.673399, 4.561308, 4.449216, 4.916621, 4.804530, 4.692438, 4.580346, 4.468255, 4.935660, 4.823568, 4.711477, 4.599385, 4.487293, 4.954699, 4.842607, 4.730515, 4.618424, 4.506332, 5.835053, 5.719345, 5.603638, 5.487931, 5.372224, 5.853347, 5.737640, 5.621932, 5.506225, 5.390518, 5.871641, 5.755934, 5.640227, 5.524519, 5.408812, 5.889935, 5.774228, 5.658521, 5.542814, 5.427106, 5.908230, 5.792522, 5.676815, 5.561108, 5.445401, 5.926524, 5.810817, 5.695109, 5.579402, 5.463695, 5.944818, 5.829111, 5.713404, 5.597696, 5.481989, 5.963112, 5.847405, 5.731698, 5.615991, 5.500283, 5.981407, 5.865699, 5.749992, 5.634285, 5.518578, 6.571788, 6.461303, 6.350818, 6.240332, 6.129847, 6.589511, 6.479026, 6.368541, 6.258056, 6.147570, 6.607235, 6.496749, 6.386264, 6.275779, 6.165294, 6.624958, 6.514473, 6.403987, 6.293502, 6.183017, 6.642681, 6.532196, 6.421711, 6.311225, 6.200740, 6.660404, 6.549919, 6.439434, 6.328948, 6.218463, 6.678128, 6.567642, 6.457157, 6.346672, 6.236186, 6.695851, 6.585366, 6.474880, 6.364395, 6.253910, 6.713574, 6.603089, 6.492603, 6.382118, 6.271633, 7.455128, 7.340703, 7.226277, 7.111852, 6.997427, 7.474330, 7.359905, 7.245480, 7.131055, 7.016630, 7.493532, 7.379107, 7.264682, 7.150257, 7.035832, 7.512735, 7.398310, 7.283885, 7.169460, 7.055035, 7.531937, 7.417512, 7.303087, 7.188662, 7.074237, 7.551140, 7.436715, 7.322290, 7.207865, 7.093439, 7.570342, 7.455917, 7.341492, 7.227067, 7.112642, 7.589544, 7.475119, 7.360694, 7.246269, 7.131844, 7.608747, 7.494322, 7.379897, 7.265472, 7.151047, 8.293837, 8.175568, 8.057298, 7.939028, 7.820758, 8.313586, 8.195316, 8.077046, 7.958777, 7.840507, 8.333335, 8.215065, 8.096795, 7.978525, 7.860256, 8.353083, 8.234814, 8.116544, 7.998274, 7.880004, 8.372832, 8.254562, 8.136292, 8.018023, 7.899753, 8.392581, 8.274311, 8.156041, 8.037771, 7.919502, 8.412329, 8.294060, 8.175790, 8.057520, 7.939250, 8.432078, 8.313808, 8.195538, 8.077269, 7.958999, 8.451827, 8.333557, 8.215287, 8.097017, 7.978748, 9.208927, 9.089643, 8.970359, 8.851076, 8.731792, 9.226166, 9.106882, 8.987599, 8.868315, 8.749031, 9.243405, 9.124121, 9.004838, 8.885554, 8.766270, 9.260644, 9.141361, 9.022077, 8.902793, 8.783509, 9.277883, 9.158600, 9.039316, 8.920032, 8.800748, 9.295122, 9.175839, 9.056555, 8.937271, 8.817987, 9.312362, 9.193078, 9.073794, 8.954510, 8.835226, 9.329601, 9.210317, 9.091033, 8.971749, 8.852465, 9.346840, 9.227556, 9.108272, 8.988988, 8.869704, 9.921234, 9.801553, 9.681872, 9.562192, 9.442511, 9.939498, 9.819817, 9.700137, 9.580456, 9.460775, 9.957762, 9.838082, 9.718401, 9.598720, 9.479040, 9.976026, 9.856346, 9.736665, 9.616985, 9.497304, 9.994291, 9.874610, 9.754929, 9.635249, 9.515568, 10.012555, 9.892874, 9.773194, 9.653513, 9.533832, 10.030819, 9.911139, 9.791458, 9.671777, 9.552097, 10.049083, 9.929403, 9.809722, 9.690041, 9.570361, 10.067348, 9.947667, 9.827986, 9.708306, 9.588625, 10.828758, 10.710448, 10.592138, 10.473828, 10.355517, 10.846915, 10.728605, 10.610294, 10.491984, 10.373674, 10.865072, 10.746761, 10.628451, 10.510141, 10.391831, 10.883228, 10.764918, 10.646608, 10.528297, 10.409987, 10.901385, 10.783074, 10.664764, 10.546454, 10.428144, 10.919541, 10.801231, 10.682921, 10.564611, 10.446300, 10.937698, 10.819388, 10.701077, 10.582767, 10.464457, 10.955855, 10.837544, 10.719234, 10.600924, 10.482614, 10.974011, 10.855701, 10.737391, 10.619080, 10.500770, 11.543265, 11.416014, 11.288762, 11.161511, 11.034259, 11.561120, 11.433869, 11.306617, 11.179366, 11.052115, 11.578975, 11.451724, 11.324473, 11.197221, 11.069970, 11.596830, 11.469579, 11.342328, 11.215076, 11.087825, 11.614686, 11.487434, 11.360183, 11.232931, 11.105680, 11.632541, 11.505289, 11.378038, 11.250787, 11.123535, 11.650396, 11.523144, 11.395893, 11.268642, 11.141390, 11.668251, 11.541000, 11.413748, 11.286497, 11.159245, 11.686106, 11.558855, 11.431603, 11.304352, 11.177101, 12.324296, 12.205503, 12.086710, 11.967917, 11.849123, 12.340170, 12.221376, 12.102583, 11.983790, 11.864997, 12.356043, 12.237250, 12.118457, 11.999664, 11.880871, 12.371917, 12.253124, 12.134330, 12.015537, 11.896744, 12.387790, 12.268997, 12.150204, 12.031411, 11.912618, 12.403664, 12.284871, 12.166078, 12.047284, 11.928491, 12.419537, 12.300744, 12.181951, 12.063158, 11.944365, 12.435411, 12.316618, 12.197825, 12.079031, 11.960238, 12.451285, 12.332491, 12.213698, 12.094905, 11.976112, 13.185606, 13.066170, 12.946734, 12.827297, 12.707861, 13.202697, 13.083260, 12.963824, 12.844388, 12.724952, 13.219787, 13.100351, 12.980915, 12.861479, 12.742043, 13.236878, 13.117442, 12.998006, 12.878570, 12.759134, 13.253969, 13.134533, 13.015097, 12.895661, 12.776224, 13.271060, 13.151623, 13.032187, 12.912751, 12.793315, 13.288150, 13.168714, 13.049278, 12.929842, 12.810406, 13.305241, 13.185805, 13.066369, 12.946933, 12.827497, 13.322332, 13.202896, 13.083460, 12.964024, 12.844587, 13.865782, 13.743921, 13.622060, 13.500199, 13.378338, 13.883063, 13.761202, 13.639341, 13.517480, 13.395619, 13.900344, 13.778483, 13.656622, 13.534761, 13.412900, 13.917625, 13.795764, 13.673903, 13.552042, 13.430181, 13.934906, 13.813045, 13.691183, 13.569322, 13.447461, 13.952186, 13.830325, 13.708464, 13.586603, 13.464742, 13.969467, 13.847606, 13.725745, 13.603884, 13.482023, 13.986748, 13.864887, 13.743026, 13.621165, 13.499304, 14.004029, 13.882168, 13.760307, 13.638446, 13.516585, 15.437489, 15.320167, 15.202845, 15.085523, 14.968200, 15.458537, 15.341215, 15.223893, 15.106570, 14.989248, 15.479585, 15.362263, 15.244941, 15.127618, 15.010296, 15.500633, 15.383311, 15.265989, 15.148666, 15.031344, 15.521681, 15.404359, 15.287037, 15.169714, 15.052392, 15.542729, 15.425407, 15.308084, 15.190762, 15.073440, 15.563777, 15.446455, 15.329132, 15.211810, 15.094488, 15.584825, 15.467503, 15.350180, 15.232858, 15.115536, 15.605873, 15.488551, 15.371228, 15.253906, 15.136584, 16.315009, 16.188551, 16.062092, 15.935634, 15.809176, 16.334616, 16.208158, 16.081700, 15.955242, 15.828783, 16.354224, 16.227766, 16.101307, 15.974849, 15.848391, 16.373831, 16.247373, 16.120915, 15.994457, 15.867998, 16.393439, 16.266981, 16.140522, 16.014064, 15.887606, 16.413047, 16.286588, 16.160130, 16.033672, 15.907213, 16.432654, 16.306196, 16.179738, 16.053279, 15.926821, 16.452262, 16.325803, 16.199345, 16.072887, 15.946429, 16.471869, 16.345411, 16.218953, 16.092494, 15.966036, 17.005755, 16.875345, 16.744934, 16.614523, 16.484113, 17.025260, 16.894850, 16.764439, 16.634028, 16.503618, 17.044766, 16.914355, 16.783944, 16.653534, 16.523123, 17.064271, 16.933860, 16.803450, 16.673039, 16.542628, 17.083776, 16.953366, 16.822955, 16.692544, 16.562134, 17.103281, 16.972871, 16.842460, 16.712049, 16.581639, 17.122787, 16.992376, 16.861965, 16.731555, 16.601144, 17.142292, 17.011881, 16.881471, 16.751060, 16.620649, 17.161797, 17.031386, 16.900976, 16.770565, 16.640155, 17.875367, 17.749308, 17.623249, 17.497190, 17.371131, 17.888668, 17.762609, 17.636550, 17.510491, 17.384433, 17.901969, 17.775910, 17.649852, 17.523793, 17.397734, 17.915270, 17.789212, 17.663153, 17.537094, 17.411035, 17.928572, 17.802513, 17.676454, 17.550395, 17.424336, 17.941873, 17.815814, 17.689755, 17.563697, 17.437638, 17.955174, 17.829115, 17.703057, 17.576998, 17.450939, 17.968476, 17.842417, 17.716358, 17.590299, 17.464240, 17.981777, 17.855718, 17.729659, 17.603600, 17.477542, 18.595688, 18.462213, 18.328738, 18.195263, 18.061788, 18.614556, 18.481081, 18.347606, 18.214131, 18.080655, 18.633424, 18.499949, 18.366473, 18.232998, 18.099523, 18.652291, 18.518816, 18.385341, 18.251866, 18.118391, 18.671159, 18.537684, 18.404209, 18.270734, 18.137259, 18.690027, 18.556552, 18.423077, 18.289602, 18.156127, 18.708895, 18.575420, 18.441945, 18.308470, 18.174995, 18.727763, 18.594288, 18.460813, 18.327338, 18.193862, 18.746631, 18.613156, 18.479680, 18.346205, 18.212730, 19.357328, 19.227399, 19.097470, 18.967541, 18.837612, 19.375976, 19.246047, 19.116118, 18.986189, 18.856259, 19.394624, 19.264695, 19.134766, 19.004836, 18.874907, 19.413272, 19.283342, 19.153413, 19.023484, 18.893555, 19.431919, 19.301990, 19.172061, 19.042132, 18.912203, 19.450567, 19.320638, 19.190709, 19.060780, 18.930850, 19.469215, 19.339286, 19.209356, 19.079427, 18.949498, 19.487863, 19.357933, 19.228004, 19.098075, 18.968146, 19.506510, 19.376581, 19.246652, 19.116723, 18.986794, 20.077946, 19.941368, 19.804789, 19.668211, 19.531633, 20.094155, 19.957577, 19.820999, 19.684420, 19.547842, 20.110364, 19.973786, 19.837208, 19.700629, 19.564051, 20.126574, 19.989995, 19.853417, 19.716839, 19.580260, 20.142783, 20.006205, 19.869626, 19.733048, 19.596470, 20.158992, 20.022414, 19.885835, 19.749257, 19.612679, 20.175201, 20.038623, 19.902045, 19.765466, 19.628888, 20.191410, 20.054832, 19.918254, 19.781675, 19.645097, 20.207620, 20.071041, 19.934463, 19.797885, 19.661306, 20.830836, 20.694081, 20.557327, 20.420573, 20.283818, 20.846415, 20.709661, 20.572907, 20.436152, 20.299398, 20.861995, 20.725240, 20.588486, 20.451732, 20.314978, 20.877574, 20.740820, 20.604066, 20.467312, 20.330557, 20.893154, 20.756400, 20.619645, 20.482891, 20.346137, 20.908734, 20.771979, 20.635225, 20.498471, 20.361716, 20.924313, 20.787559, 20.650805, 20.514050, 20.377296, 20.939893, 20.803138, 20.666384, 20.529630, 20.392876, 20.955472, 20.818718, 20.681964, 20.545209, 20.408455, 21.472404, 21.336740, 21.201076, 21.065412, 20.929749, 21.485601, 21.349937, 21.214273, 21.078609, 20.942946, 21.498798, 21.363134, 21.227470, 21.091807, 20.956143, 21.511995, 21.376331, 21.240667, 21.105004, 20.969340, 21.525192, 21.389528, 21.253864, 21.118201, 20.982537, 21.538389, 21.402725, 21.267062, 21.131398, 20.995734, 21.551586, 21.415922, 21.280259, 21.144595, 21.008931, 21.564783, 21.429119, 21.293456, 21.157792, 21.022128, 21.577980, 21.442317, 21.306653, 21.170989, 21.035325, 22.218101, 22.085817, 21.953534, 21.821251, 21.688968, 22.237416, 22.105133, 21.972850, 21.840566, 21.708283, 22.256731, 22.124448, 21.992165, 21.859882, 21.727598, 22.276047, 22.143764, 22.011480, 21.879197, 21.746914, 22.295362, 22.163079, 22.030796, 21.898512, 21.766229, 22.314678, 22.182394, 22.050111, 21.917828, 21.785544, 22.333993, 22.201710, 22.069426, 21.937143, 21.804860, 22.353308, 22.221025, 22.088742, 21.956458, 21.824175, 22.372624, 22.240340, 22.108057, 21.975774, 21.843490, 22.889469, 22.760023, 22.630577, 22.501130, 22.371684, 22.907612, 22.778166, 22.648719, 22.519273, 22.389827, 22.925755, 22.796309, 22.666862, 22.537416, 22.407970, 22.943898, 22.814452, 22.685005, 22.555559, 22.426113, 22.962041, 22.832595, 22.703148, 22.573702, 22.444256, 22.980184, 22.850738, 22.721291, 22.591845, 22.462399, 22.998327, 22.868881, 22.739434, 22.609988, 22.480542, 23.016470, 22.887024, 22.757577, 22.628131, 22.498685, 23.034613, 22.905167, 22.775720, 22.646274, 22.516828, 23.637230, 23.505751, 23.374272, 23.242793, 23.111314, 23.656051, 23.524573, 23.393094, 23.261615, 23.130136, 23.674873, 23.543394, 23.411915, 23.280436, 23.148957, 23.693695, 23.562216, 23.430737, 23.299258, 23.167779, 23.712516, 23.581037, 23.449558, 23.318079, 23.186600, 23.731338, 23.599859, 23.468380, 23.336901, 23.205422, 23.750159, 23.618680, 23.487201, 23.355723, 23.224244, 23.768981, 23.637502, 23.506023, 23.374544, 23.243065, 23.787802, 23.656324, 23.524845, 23.393366, 23.261887


Plane Parameters
-0.003870, -0.004125, -0.003814, -0.003857, -0.003796, -0.003652, -0.003531, -0.003830, -0.003936, -0.003433, -0.003650, -0.003616, -0.003569, -0.003161, -0.003408, -0.003444, -0.004201, -0.003906, -0.003891, -0.002648, -0.003775, -0.003714, -0.003239, -0.003097, -0.002639, -0.003846, -0.003622, -0.003749
-0.020543, -0.019884, -0.022203, -0.021665, -0.022422, -0.023145, -0.022101, -0.022889, -0.023659, -0.023861, -0.023939, -0.023667, -0.025454, -0.023763, -0.023891, -0.024377, -0.023468, -0.025297, -0.026087, -0.025216, -0.026698, -0.025991, -0.027320, -0.027357, -0.027136, -0.026462, -0.025893, -0.026301
-0.000319, -0.000137, 0.000055, -0.000108, -0.000538, -0.000290, -0.000631, -0.000477, -0.000600, -0.000610, -0.000132, -0.000633, -0.000093, -0.000585, -0.000427, -0.000520, -0.000357, -0.000614, -0.000373, -0.000485, 0.000069, -0.000595, -0.000092, -0.000679, -0.000010, -0.000660, -0.000265, -0.000570
-0.033598, -0.061894, -0.117195, -0.093359, 0.025576, -0.023431, 0.030267, -0.013733, 0.012400, 0.012068, -0.042847, 0.037531, -0.054576, 0.056579, 0.005935, 0.024438, 0.015955, 0.028992, 0.023239, 0.042142, -0.073640, 0.070348, -0.052987, 0.081889, -0.044193, 0.077899, 0.026195, 0.088944
-0.078085, -0.062462, -0.043473, -0.046655, -0.068905, -0.042376, -0.057452, -0.035308, -0.036629, -0.031872, -0.008377, -0.024820, 0.006581, -0.017104, 0.000948, 0.001730, 0.016602, 0.018964, 0.028890, 0.025479, 0.064161, 0.032360, 0.072017, 0.038051, 0.078945, 0.049640, 0.073749, 0.061127
0.987007, 1.913516, 2.775153, 3.678798, 4.654361, 5.676815, 6.421711, 7.303087, 8.136292, 9.039316, 9.754929, 10.664764, 11.360183, 12.150204, 13.015097, 13.691183, 15.287037, 16.140522, 16.822955, 17.676454, 18.404209, 19.172061, 19.869626, 20.619645, 21.253864, 22.030796, 22.703148, 23.449558
